7 8 9 10 11 12 19 22 25 29 30 31 1 2 3 4 5 6 13 14 15 16
7 8 9 10 11 12 19 22 25 29 30 31 1 2 3 4 5 6 13 14 15 17
7 8 9 10 11 12 19 22 25 29 30 31 1 2 3 4 5 6 13 14 15 18
7 8 9 10 11 12 19 22 25 29 30 31 1 2 3 4 5 6 13 14 15 20
7 8 9 10 11 12 19 22 25 29 30 31 1 2 3 4 5 6 13 14 15 21
7 8 9 10 11 12 19 22 25 29 30 31 1 2 3 4 5 6 13 14 15 23
7 8 9 10 11 12 19 22 25 29 30 31 1 2 3 4 5 6 13 14 15 24
7 8 9 10 11 12 19 22 25 29 30 31 1 2 3 4 5 6 13 14 15 26
7 8 9 10 11 12 19 22 25 29 30 31 1 2 3 4 5 6 13 14 15 27
7 8 9 10 11 12 19 22 25 29 30 31 1 2 3 4 5 6 13 14 15 28
7 8 9 10 11 12 19 22 25 29 30 31 1 2 3 4 5 6 13 14 15 33
7 8 9 10 11 12 19 22 25 29 30 31 1 2 3 4 5 6 13 14 15 34
7 8 9 10 11 12 19 22 25 29 30 31 1 2 3 4 5 6 13 14 15 36
7 8 9 10 11 12 19 22 25 29 30 31 1 2 3 4 5 6 13 14 15 38
7 8 9 10 11 12 19 22 25 29 30 31 1 2 3 4 5 6 13 14 15 40
7 8 9 10 11 12 19 22 25 29 30 31 1 2 3 4 5 6 13 14 15 46
7 8 9 10 11 12 19 22 25 29 30 31 1 2 3 4 5 6 13 14 15 47
7 8 9 10 11 12 19 22 25 29 30 31 1 2 3 4 5 6 13 14 15 48
7 8 9 10 11 12 19 22 25 29 30 31 1 2 3 4 5 6 13 14 15 49
7 8 9 10 11 12 19 22 25 29 30 31 1 2 3 4 5 6 13 14 15 53
7 8 9 10 11 12 19 22 25 29 30 31 1 2 3 4 5 6 13 14 15 55
7 8 9 10 11 12 19 22 25 29 30 31 1 2 3 4 5 6 13 14 15 56
7 8 9 10 11 12 19 22 25 29 30 31 1 2 3 4 5 6 13 14 15 60
7 8 9 10 11 12 19 22 25 29 30 31 1 2 3 4 5 6 13 14 15 61
7 8 9 10 11 12 19 22 25 29 30 31 1 2 3 4 5 6 13 14 15 63
7 8 9 10 11 12 19 22 25 29 30 31 1 2 3 4 5 6 13 14 15 64
7 8 9 10 11 12 19 22 25 29 30 31 1 2 3 4 5 6 13 14 15 65
7 8 9 10 11 12 19 22 25 29 30 31 1 2 3 4 5 6 13 14 15 66
7 8 9 10 11 12 19 22 25 29 30 31 1 2 3 4 5 6 13 14 15 67
7 8 9 10 11 12 19 22 25 29 30 31 1 2 3 4 5 6 13 14 15 68
7 8 9 10 11 12 19 22 25 29 30 31 1 2 3 4 5 6 13 14 15 69
7 8 9 10 11 12 19 22 25 29 30 31 1 2 3 4 5 6 13 14 15 71
7 8 9 10 11 12 19 22 25 29 30 31 1 2 3 4 5 6 13 14 15 72
7 8 9 10 11 12 19 22 25 29 30 31 1 2 3 4 5 6 13 14 15 74
7 8 9 10 11 12 19 22 25 29 30 31 1 2 3 4 5 6 13 14 15 77
7 8 9 10 11 12 19 22 25 29 30 31 1 2 3 4 5 6 13 14 15 78
7 8 9 10 11 12 19 22 25 29 30 31 1 2 3 4 5 6 13 14 15 79
7 8 9 10 11 12 19 22 25 29 30 31 1 2 3 4 5 6 13 14 15 80
7 8 9 10 11 12 19 22 25 29 30 31 1 2 3 4 5 6 13 14 15 82
7 8 9 10 11 12 19 22 25 29 30 31 1 2 3 4 5 6 13 14 15 83
7 8 9 10 11 12 19 22 25 29 30 31 1 2 3 4 5 6 13 14 15 85
7 8 9 10 11 12 19 22 25 29 30 31 1 2 3 4 5 6 13 14 15 86
7 8 9 10 11 12 19 22 25 29 30 31 1 2 3 4 5 6 13 14 15 87
7 8 9 10 11 12 19 22 25 29 30 31 1 2 3 4 5 6 13 14 15 89
7 8 9 10 11 12 19 22 25 29 30 31 1 2 3 4 5 6 13 14 15 90
7 8 9 10 11 12 19 22 25 29 30 31 1 2 3 4 5 6 13 14 15 91
7 8 9 10 11 12 19 22 25 29 30 31 1 2 3 4 5 6 13 14 15 92
7 8 9 10 11 12 19 22 25 29 30 31 1 2 3 4 5 6 13 14 15 93
7 8 9 10 11 12 19 22 25 29 30 31 1 2 3 4 5 6 13 14 15 94
7 8 9 10 11 12 19 22 25 29 30 31 1 2 3 4 5 6 13 14 15 96
7 8 9 10 11 12 19 22 25 29 30 31 1 2 3 4 5 6 13 14 15 97
7 8 9 10 11 12 19 22 25 29 30 31 1 2 3 4 5 6 13 14 15 98
7 8 9 10 11 12 19 22 25 29 30 31 1 2 3 4 5 6 13 14 15 99
7 8 9 10 11 12 19 22 25 29 30 31 1 2 3 4 5 6 13 14 15 100
7 8 9 10 11 12 19 22 25 29 30 31 1 2 3 4 5 6 13 14 16 17
7 8 9 10 11 12 19 22 25 29 30 31 1 2 3 4 5 6 13 14 16 18
7 8 9 10 11 12 19 22 25 29 30 31 1 2 3 4 5 6 13 14 16 20
7 8 9 10 11 12 19 22 25 29 30 31 1 2 3 4 5 6 13 14 16 21
7 8 9 10 11 12 19 22 25 29 30 31 1 2 3 4 5 6 13 14 16 23
7 8 9 10 11 12 19 22 25 29 30 31 1 2 3 4 5 6 13 14 16 24
7 8 9 10 11 12 19 22 25 29 30 31 1 2 3 4 5 6 13 14 16 26
7 8 9 10 11 12 19 22 25 29 30 31 1 2 3 4 5 6 13 14 16 27
7 8 9 10 11 12 19 22 25 29 30 31 1 2 3 4 5 6 13 14 16 28
7 8 9 10 11 12 19 22 25 29 30 31 1 2 3 4 5 6 13 14 16 33
7 8 9 10 11 12 19 22 25 29 30 31 1 2 3 4 5 6 13 14 16 34
7 8 9 10 11 12 19 22 25 29 30 31 1 2 3 4 5 6 13 14 16 36
7 8 9 10 11 12 19 22 25 29 30 31 1 2 3 4 5 6 13 14 16 38
7 8 9 10 11 12 19 22 25 29 30 31 1 2 3 4 5 6 13 14 16 40
7 8 9 10 11 12 19 22 25 29 30 31 1 2 3 4 5 6 13 14 16 46
7 8 9 10 11 12 19 22 25 29 30 31 1 2 3 4 5 6 13 14 16 47
7 8 9 10 11 12 19 22 25 29 30 31 1 2 3 4 5 6 13 14 16 48
7 8 9 10 11 12 19 22 25 29 30 31 1 2 3 4 5 6 13 14 16 49
7 8 9 10 11 12 19 22 25 29 30 31 1 2 3 4 5 6 13 14 16 53
7 8 9 10 11 12 19 22 25 29 30 31 1 2 3 4 5 6 13 14 16 55
7 8 9 10 11 12 19 22 25 29 30 31 1 2 3 4 5 6 13 14 16 56
7 8 9 10 11 12 19 22 25 29 30 31 1 2 3 4 5 6 13 14 16 60
7 8 9 10 11 12 19 22 25 29 30 31 1 2 3 4 5 6 13 14 16 61
7 8 9 10 11 12 19 22 25 29 30 31 1 2 3 4 5 6 13 14 16 63
7 8 9 10 11 12 19 22 25 29 30 31 1 2 3 4 5 6 13 14 16 64
7 8 9 10 11 12 19 22 25 29 30 31 1 2 3 4 5 6 13 14 16 65
7 8 9 10 11 12 19 22 25 29 30 31 1 2 3 4 5 6 13 14 16 66
7 8 9 10 11 12 19 22 25 29 30 31 1 2 3 4 5 6 13 14 16 67
7 8 9 10 11 12 19 22 25 29 30 31 1 2 3 4 5 6 13 14 16 68
7 8 9 10 11 12 19 22 25 29 30 31 1 2 3 4 5 6 13 14 16 69
7 8 9 10 11 12 19 22 25 29 30 31 1 2 3 4 5 6 13 14 16 71
7 8 9 10 11 12 19 22 25 29 30 31 1 2 3 4 5 6 13 14 16 72
7 8 9 10 11 12 19 22 25 29 30 31 1 2 3 4 5 6 13 14 16 74
7 8 9 10 11 12 19 22 25 29 30 31 1 2 3 4 5 6 13 14 16 77
7 8 9 10 11 12 19 22 25 29 30 31 1 2 3 4 5 6 13 14 16 78
7 8 9 10 11 12 19 22 25 29 30 31 1 2 3 4 5 6 13 14 16 79
7 8 9 10 11 12 19 22 25 29 30 31 1 2 3 4 5 6 13 14 16 80
7 8 9 10 11 12 19 22 25 29 30 31 1 2 3 4 5 6 13 14 16 82
7 8 9 10 11 12 19 22 25 29 30 31 1 2 3 4 5 6 13 14 16 83
7 8 9 10 11 12 19 22 25 29 30 31 1 2 3 4 5 6 13 14 16 85
7 8 9 10 11 12 19 22 25 29 30 31 1 2 3 4 5 6 13 14 16 86
7 8 9 10 11 12 19 22 25 29 30 31 1 2 3 4 5 6 13 14 16 87
7 8 9 10 11 12 19 22 25 29 30 31 1 2 3 4 5 6 13 14 16 89
7 8 9 10 11 12 19 22 25 29 30 31 1 2 3 4 5 6 13 14 16 90
7 8 9 10 11 12 19 22 25 29 30 31 1 2 3 4 5 6 13 14 16 91
7 8 9 10 11 12 19 22 25 29 30 31 1 2 3 4 5 6 13 14 16 92
7 8 9 10 11 12 19 22 25 29 30 31 1 2 3 4 5 6 13 14 16 93
7 8 9 10 11 12 19 22 25 29 30 31 1 2 3 4 5 6 13 14 16 94
7 8 9 10 11 12 19 22 25 29 30 31 1 2 3 4 5 6 13 14 16 96
7 8 9 10 11 12 19 22 25 29 30 31 1 2 3 4 5 6 13 14 16 97
7 8 9 10 11 12 19 22 25 29 30 31 1 2 3 4 5 6 13 14 16 98
7 8 9 10 11 12 19 22 25 29 30 31 1 2 3 4 5 6 13 14 16 99
7 8 9 10 11 12 19 22 25 29 30 31 1 2 3 4 5 6 13 14 16 100
7 8 9 10 11 12 19 22 25 29 30 31 1 2 3 4 5 6 13 14 17 18
7 8 9 10 11 12 19 22 25 29 30 31 1 2 3 4 5 6 13 14 17 20
7 8 9 10 11 12 19 22 25 29 30 31 1 2 3 4 5 6 13 14 17 21
7 8 9 10 11 12 19 22 25 29 30 31 1 2 3 4 5 6 13 14 17 23
7 8 9 10 11 12 19 22 25 29 30 31 1 2 3 4 5 6 13 14 17 24
7 8 9 10 11 12 19 22 25 29 30 31 1 2 3 4 5 6 13 14 17 26
7 8 9 10 11 12 19 22 25 29 30 31 1 2 3 4 5 6 13 14 17 27
7 8 9 10 11 12 19 22 25 29 30 31 1 2 3 4 5 6 13 14 17 28
7 8 9 10 11 12 19 22 25 29 30 31 1 2 3 4 5 6 13 14 17 33
7 8 9 10 11 12 19 22 25 29 30 31 1 2 3 4 5 6 13 14 17 34
7 8 9 10 11 12 19 22 25 29 30 31 1 2 3 4 5 6 13 14 17 36
7 8 9 10 11 12 19 22 25 29 30 31 1 2 3 4 5 6 13 14 17 38
7 8 9 10 11 12 19 22 25 29 30 31 1 2 3 4 5 6 13 14 17 40
7 8 9 10 11 12 19 22 25 29 30 31 1 2 3 4 5 6 13 14 17 46
7 8 9 10 11 12 19 22 25 29 30 31 1 2 3 4 5 6 13 14 17 47
7 8 9 10 11 12 19 22 25 29 30 31 1 2 3 4 5 6 13 14 17 48
7 8 9 10 11 12 19 22 25 29 30 31 1 2 3 4 5 6 13 14 17 49
7 8 9 10 11 12 19 22 25 29 30 31 1 2 3 4 5 6 13 14 17 53
7 8 9 10 11 12 19 22 25 29 30 31 1 2 3 4 5 6 13 14 17 55
7 8 9 10 11 12 19 22 25 29 30 31 1 2 3 4 5 6 13 14 17 56
7 8 9 10 11 12 19 22 25 29 30 31 1 2 3 4 5 6 13 14 17 60
7 8 9 10 11 12 19 22 25 29 30 31 1 2 3 4 5 6 13 14 17 61
7 8 9 10 11 12 19 22 25 29 30 31 1 2 3 4 5 6 13 14 17 63
7 8 9 10 11 12 19 22 25 29 30 31 1 2 3 4 5 6 13 14 17 64
7 8 9 10 11 12 19 22 25 29 30 31 1 2 3 4 5 6 13 14 17 65
7 8 9 10 11 12 19 22 25 29 30 31 1 2 3 4 5 6 13 14 17 66
7 8 9 10 11 12 19 22 25 29 30 31 1 2 3 4 5 6 13 14 17 67
7 8 9 10 11 12 19 22 25 29 30 31 1 2 3 4 5 6 13 14 17 68
7 8 9 10 11 12 19 22 25 29 30 31 1 2 3 4 5 6 13 14 17 69
7 8 9 10 11 12 19 22 25 29 30 31 1 2 3 4 5 6 13 14 17 71
7 8 9 10 11 12 19 22 25 29 30 31 1 2 3 4 5 6 13 14 17 72
7 8 9 10 11 12 19 22 25 29 30 31 1 2 3 4 5 6 13 14 17 74
7 8 9 10 11 12 19 22 25 29 30 31 1 2 3 4 5 6 13 14 17 77
7 8 9 10 11 12 19 22 25 29 30 31 1 2 3 4 5 6 13 14 17 78
7 8 9 10 11 12 19 22 25 29 30 31 1 2 3 4 5 6 13 14 17 79
7 8 9 10 11 12 19 22 25 29 30 31 1 2 3 4 5 6 13 14 17 80
7 8 9 10 11 12 19 22 25 29 30 31 1 2 3 4 5 6 13 14 17 82
7 8 9 10 11 12 19 22 25 29 30 31 1 2 3 4 5 6 13 14 17 83
7 8 9 10 11 12 19 22 25 29 30 31 1 2 3 4 5 6 13 14 17 85
7 8 9 10 11 12 19 22 25 29 30 31 1 2 3 4 5 6 13 14 17 86
7 8 9 10 11 12 19 22 25 29 30 31 1 2 3 4 5 6 13 14 17 87
7 8 9 10 11 12 19 22 25 29 30 31 1 2 3 4 5 6 13 14 17 89
7 8 9 10 11 12 19 22 25 29 30 31 1 2 3 4 5 6 13 14 17 90
7 8 9 10 11 12 19 22 25 29 30 31 1 2 3 4 5 6 13 14 17 91
7 8 9 10 11 12 19 22 25 29 30 31 1 2 3 4 5 6 13 14 17 92
7 8 9 10 11 12 19 22 25 29 30 31 1 2 3 4 5 6 13 14 17 93
7 8 9 10 11 12 19 22 25 29 30 31 1 2 3 4 5 6 13 14 17 94
7 8 9 10 11 12 19 22 25 29 30 31 1 2 3 4 5 6 13 14 17 96
7 8 9 10 11 12 19 22 25 29 30 31 1 2 3 4 5 6 13 14 17 97
7 8 9 10 11 12 19 22 25 29 30 31 1 2 3 4 5 6 13 14 17 98
7 8 9 10 11 12 19 22 25 29 30 31 1 2 3 4 5 6 13 14 17 99
7 8 9 10 11 12 19 22 25 29 30 31 1 2 3 4 5 6 13 14 17 100
7 8 9 10 11 12 19 22 25 29 30 31 1 2 3 4 5 6 13 14 18 20
7 8 9 10 11 12 19 22 25 29 30 31 1 2 3 4 5 6 13 14 18 21
7 8 9 10 11 12 19 22 25 29 30 31 1 2 3 4 5 6 13 14 18 23
7 8 9 10 11 12 19 22 25 29 30 31 1 2 3 4 5 6 13 14 18 24
7 8 9 10 11 12 19 22 25 29 30 31 1 2 3 4 5 6 13 14 18 26
7 8 9 10 11 12 19 22 25 29 30 31 1 2 3 4 5 6 13 14 18 27
7 8 9 10 11 12 19 22 25 29 30 31 1 2 3 4 5 6 13 14 18 28
7 8 9 10 11 12 19 22 25 29 30 31 1 2 3 4 5 6 13 14 18 33
7 8 9 10 11 12 19 22 25 29 30 31 1 2 3 4 5 6 13 14 18 34
7 8 9 10 11 12 19 22 25 29 30 31 1 2 3 4 5 6 13 14 18 36
7 8 9 10 11 12 19 22 25 29 30 31 1 2 3 4 5 6 13 14 18 38
7 8 9 10 11 12 19 22 25 29 30 31 1 2 3 4 5 6 13 14 18 40
7 8 9 10 11 12 19 22 25 29 30 31 1 2 3 4 5 6 13 14 18 46
7 8 9 10 11 12 19 22 25 29 30 31 1 2 3 4 5 6 13 14 18 47
7 8 9 10 11 12 19 22 25 29 30 31 1 2 3 4 5 6 13 14 18 48
7 8 9 10 11 12 19 22 25 29 30 31 1 2 3 4 5 6 13 14 18 49
7 8 9 10 11 12 19 22 25 29 30 31 1 2 3 4 5 6 13 14 18 53
7 8 9 10 11 12 19 22 25 29 30 31 1 2 3 4 5 6 13 14 18 55
7 8 9 10 11 12 19 22 25 29 30 31 1 2 3 4 5 6 13 14 18 56
7 8 9 10 11 12 19 22 25 29 30 31 1 2 3 4 5 6 13 14 18 60
7 8 9 10 11 12 19 22 25 29 30 31 1 2 3 4 5 6 13 14 18 61
7 8 9 10 11 12 19 22 25 29 30 31 1 2 3 4 5 6 13 14 18 63
7 8 9 10 11 12 19 22 25 29 30 31 1 2 3 4 5 6 13 14 18 64
7 8 9 10 11 12 19 22 25 29 30 31 1 2 3 4 5 6 13 14 18 65
7 8 9 10 11 12 19 22 25 29 30 31 1 2 3 4 5 6 13 14 18 66
7 8 9 10 11 12 19 22 25 29 30 31 1 2 3 4 5 6 13 14 18 67
7 8 9 10 11 12 19 22 25 29 30 31 1 2 3 4 5 6 13 14 18 68
7 8 9 10 11 12 19 22 25 29 30 31 1 2 3 4 5 6 13 14 18 69
7 8 9 10 11 12 19 22 25 29 30 31 1 2 3 4 5 6 13 14 18 71
7 8 9 10 11 12 19 22 25 29 30 31 1 2 3 4 5 6 13 14 18 72
7 8 9 10 11 12 19 22 25 29 30 31 1 2 3 4 5 6 13 14 18 74
7 8 9 10 11 12 19 22 25 29 30 31 1 2 3 4 5 6 13 14 18 77
7 8 9 10 11 12 19 22 25 29 30 31 1 2 3 4 5 6 13 14 18 78
7 8 9 10 11 12 19 22 25 29 30 31 1 2 3 4 5 6 13 14 18 79
7 8 9 10 11 12 19 22 25 29 30 31 1 2 3 4 5 6 13 14 18 80
7 8 9 10 11 12 19 22 25 29 30 31 1 2 3 4 5 6 13 14 18 82
7 8 9 10 11 12 19 22 25 29 30 31 1 2 3 4 5 6 13 14 18 83
7 8 9 10 11 12 19 22 25 29 30 31 1 2 3 4 5 6 13 14 18 85
7 8 9 10 11 12 19 22 25 29 30 31 1 2 3 4 5 6 13 14 18 86
7 8 9 10 11 12 19 22 25 29 30 31 1 2 3 4 5 6 13 14 18 87
7 8 9 10 11 12 19 22 25 29 30 31 1 2 3 4 5 6 13 14 18 89
7 8 9 10 11 12 19 22 25 29 30 31 1 2 3 4 5 6 13 14 18 90
7 8 9 10 11 12 19 22 25 29 30 31 1 2 3 4 5 6 13 14 18 91
7 8 9 10 11 12 19 22 25 29 30 31 1 2 3 4 5 6 13 14 18 92
7 8 9 10 11 12 19 22 25 29 30 31 1 2 3 4 5 6 13 14 18 93
7 8 9 10 11 12 19 22 25 29 30 31 1 2 3 4 5 6 13 14 18 94
7 8 9 10 11 12 19 22 25 29 30 31 1 2 3 4 5 6 13 14 18 96
7 8 9 10 11 12 19 22 25 29 30 31 1 2 3 4 5 6 13 14 18 97
7 8 9 10 11 12 19 22 25 29 30 31 1 2 3 4 5 6 13 14 18 98
7 8 9 10 11 12 19 22 25 29 30 31 1 2 3 4 5 6 13 14 18 99
7 8 9 10 11 12 19 22 25 29 30 31 1 2 3 4 5 6 13 14 18 100
7 8 9 10 11 12 19 22 25 29 30 31 1 2 3 4 5 6 13 14 20 21
7 8 9 10 11 12 19 22 25 29 30 31 1 2 3 4 5 6 13 14 20 23
7 8 9 10 11 12 19 22 25 29 30 31 1 2 3 4 5 6 13 14 20 24
7 8 9 10 11 12 19 22 25 29 30 31 1 2 3 4 5 6 13 14 20 26
7 8 9 10 11 12 19 22 25 29 30 31 1 2 3 4 5 6 13 14 20 27
7 8 9 10 11 12 19 22 25 29 30 31 1 2 3 4 5 6 13 14 20 28
7 8 9 10 11 12 19 22 25 29 30 31 1 2 3 4 5 6 13 14 20 33
7 8 9 10 11 12 19 22 25 29 30 31 1 2 3 4 5 6 13 14 20 34
7 8 9 10 11 12 19 22 25 29 30 31 1 2 3 4 5 6 13 14 20 36
7 8 9 10 11 12 19 22 25 29 30 31 1 2 3 4 5 6 13 14 20 38
7 8 9 10 11 12 19 22 25 29 30 31 1 2 3 4 5 6 13 14 20 40
7 8 9 10 11 12 19 22 25 29 30 31 1 2 3 4 5 6 13 14 20 46
7 8 9 10 11 12 19 22 25 29 30 31 1 2 3 4 5 6 13 14 20 47
7 8 9 10 11 12 19 22 25 29 30 31 1 2 3 4 5 6 13 14 20 48
7 8 9 10 11 12 19 22 25 29 30 31 1 2 3 4 5 6 13 14 20 49
7 8 9 10 11 12 19 22 25 29 30 31 1 2 3 4 5 6 13 14 20 53
7 8 9 10 11 12 19 22 25 29 30 31 1 2 3 4 5 6 13 14 20 55
7 8 9 10 11 12 19 22 25 29 30 31 1 2 3 4 5 6 13 14 20 56
7 8 9 10 11 12 19 22 25 29 30 31 1 2 3 4 5 6 13 14 20 60
7 8 9 10 11 12 19 22 25 29 30 31 1 2 3 4 5 6 13 14 20 61
7 8 9 10 11 12 19 22 25 29 30 31 1 2 3 4 5 6 13 14 20 63
7 8 9 10 11 12 19 22 25 29 30 31 1 2 3 4 5 6 13 14 20 64
7 8 9 10 11 12 19 22 25 29 30 31 1 2 3 4 5 6 13 14 20 65
7 8 9 10 11 12 19 22 25 29 30 31 1 2 3 4 5 6 13 14 20 66
7 8 9 10 11 12 19 22 25 29 30 31 1 2 3 4 5 6 13 14 20 67
7 8 9 10 11 12 19 22 25 29 30 31 1 2 3 4 5 6 13 14 20 68
7 8 9 10 11 12 19 22 25 29 30 31 1 2 3 4 5 6 13 14 20 69
7 8 9 10 11 12 19 22 25 29 30 31 1 2 3 4 5 6 13 14 20 71
7 8 9 10 11 12 19 22 25 29 30 31 1 2 3 4 5 6 13 14 20 72
7 8 9 10 11 12 19 22 25 29 30 31 1 2 3 4 5 6 13 14 20 74
7 8 9 10 11 12 19 22 25 29 30 31 1 2 3 4 5 6 13 14 20 77
7 8 9 10 11 12 19 22 25 29 30 31 1 2 3 4 5 6 13 14 20 78
7 8 9 10 11 12 19 22 25 29 30 31 1 2 3 4 5 6 13 14 20 79
7 8 9 10 11 12 19 22 25 29 30 31 1 2 3 4 5 6 13 14 20 80
7 8 9 10 11 12 19 22 25 29 30 31 1 2 3 4 5 6 13 14 20 82
7 8 9 10 11 12 19 22 25 29 30 31 1 2 3 4 5 6 13 14 20 83
7 8 9 10 11 12 19 22 25 29 30 31 1 2 3 4 5 6 13 14 20 85
7 8 9 10 11 12 19 22 25 29 30 31 1 2 3 4 5 6 13 14 20 86
7 8 9 10 11 12 19 22 25 29 30 31 1 2 3 4 5 6 13 14 20 87
7 8 9 10 11 12 19 22 25 29 30 31 1 2 3 4 5 6 13 14 20 89
7 8 9 10 11 12 19 22 25 29 30 31 1 2 3 4 5 6 13 14 20 90
7 8 9 10 11 12 19 22 25 29 30 31 1 2 3 4 5 6 13 14 20 91
7 8 9 10 11 12 19 22 25 29 30 31 1 2 3 4 5 6 13 14 20 92
7 8 9 10 11 12 19 22 25 29 30 31 1 2 3 4 5 6 13 14 20 93
7 8 9 10 11 12 19 22 25 29 30 31 1 2 3 4 5 6 13 14 20 94
7 8 9 10 11 12 19 22 25 29 30 31 1 2 3 4 5 6 13 14 20 96
7 8 9 10 11 12 19 22 25 29 30 31 1 2 3 4 5 6 13 14 20 97
7 8 9 10 11 12 19 22 25 29 30 31 1 2 3 4 5 6 13 14 20 98
7 8 9 10 11 12 19 22 25 29 30 31 1 2 3 4 5 6 13 14 20 99
7 8 9 10 11 12 19 22 25 29 30 31 1 2 3 4 5 6 13 14 20 100
7 8 9 10 11 12 19 22 25 29 30 31 1 2 3 4 5 6 13 14 21 23
7 8 9 10 11 12 19 22 25 29 30 31 1 2 3 4 5 6 13 14 21 24
7 8 9 10 11 12 19 22 25 29 30 31 1 2 3 4 5 6 13 14 21 26
7 8 9 10 11 12 19 22 25 29 30 31 1 2 3 4 5 6 13 14 21 27
7 8 9 10 11 12 19 22 25 29 30 31 1 2 3 4 5 6 13 14 21 28
7 8 9 10 11 12 19 22 25 29 30 31 1 2 3 4 5 6 13 14 21 33
7 8 9 10 11 12 19 22 25 29 30 31 1 2 3 4 5 6 13 14 21 34
7 8 9 10 11 12 19 22 25 29 30 31 1 2 3 4 5 6 13 14 21 36
7 8 9 10 11 12 19 22 25 29 30 31 1 2 3 4 5 6 13 14 21 38
7 8 9 10 11 12 19 22 25 29 30 31 1 2 3 4 5 6 13 14 21 40
7 8 9 10 11 12 19 22 25 29 30 31 1 2 3 4 5 6 13 14 21 46
7 8 9 10 11 12 19 22 25 29 30 31 1 2 3 4 5 6 13 14 21 47
7 8 9 10 11 12 19 22 25 29 30 31 1 2 3 4 5 6 13 14 21 48
7 8 9 10 11 12 19 22 25 29 30 31 1 2 3 4 5 6 13 14 21 49
7 8 9 10 11 12 19 22 25 29 30 31 1 2 3 4 5 6 13 14 21 53
7 8 9 10 11 12 19 22 25 29 30 31 1 2 3 4 5 6 13 14 21 55
7 8 9 10 11 12 19 22 25 29 30 31 1 2 3 4 5 6 13 14 21 56
7 8 9 10 11 12 19 22 25 29 30 31 1 2 3 4 5 6 13 14 21 60
7 8 9 10 11 12 19 22 25 29 30 31 1 2 3 4 5 6 13 14 21 61
7 8 9 10 11 12 19 22 25 29 30 31 1 2 3 4 5 6 13 14 21 63
7 8 9 10 11 12 19 22 25 29 30 31 1 2 3 4 5 6 13 14 21 64
7 8 9 10 11 12 19 22 25 29 30 31 1 2 3 4 5 6 13 14 21 65
7 8 9 10 11 12 19 22 25 29 30 31 1 2 3 4 5 6 13 14 21 66
7 8 9 10 11 12 19 22 25 29 30 31 1 2 3 4 5 6 13 14 21 67
7 8 9 10 11 12 19 22 25 29 30 31 1 2 3 4 5 6 13 14 21 68
7 8 9 10 11 12 19 22 25 29 30 31 1 2 3 4 5 6 13 14 21 69
7 8 9 10 11 12 19 22 25 29 30 31 1 2 3 4 5 6 13 14 21 71
7 8 9 10 11 12 19 22 25 29 30 31 1 2 3 4 5 6 13 14 21 72
7 8 9 10 11 12 19 22 25 29 30 31 1 2 3 4 5 6 13 14 21 74
7 8 9 10 11 12 19 22 25 29 30 31 1 2 3 4 5 6 13 14 21 77
7 8 9 10 11 12 19 22 25 29 30 31 1 2 3 4 5 6 13 14 21 78
7 8 9 10 11 12 19 22 25 29 30 31 1 2 3 4 5 6 13 14 21 79
7 8 9 10 11 12 19 22 25 29 30 31 1 2 3 4 5 6 13 14 21 80
7 8 9 10 11 12 19 22 25 29 30 31 1 2 3 4 5 6 13 14 21 82
7 8 9 10 11 12 19 22 25 29 30 31 1 2 3 4 5 6 13 14 21 83
7 8 9 10 11 12 19 22 25 29 30 31 1 2 3 4 5 6 13 14 21 85
7 8 9 10 11 12 19 22 25 29 30 31 1 2 3 4 5 6 13 14 21 86
7 8 9 10 11 12 19 22 25 29 30 31 1 2 3 4 5 6 13 14 21 87
7 8 9 10 11 12 19 22 25 29 30 31 1 2 3 4 5 6 13 14 21 89
7 8 9 10 11 12 19 22 25 29 30 31 1 2 3 4 5 6 13 14 21 90
7 8 9 10 11 12 19 22 25 29 30 31 1 2 3 4 5 6 13 14 21 91
7 8 9 10 11 12 19 22 25 29 30 31 1 2 3 4 5 6 13 14 21 92
7 8 9 10 11 12 19 22 25 29 30 31 1 2 3 4 5 6 13 14 21 93
7 8 9 10 11 12 19 22 25 29 30 31 1 2 3 4 5 6 13 14 21 94
7 8 9 10 11 12 19 22 25 29 30 31 1 2 3 4 5 6 13 14 21 96
7 8 9 10 11 12 19 22 25 29 30 31 1 2 3 4 5 6 13 14 21 97
7 8 9 10 11 12 19 22 25 29 30 31 1 2 3 4 5 6 13 14 21 98
7 8 9 10 11 12 19 22 25 29 30 31 1 2 3 4 5 6 13 14 21 99
7 8 9 10 11 12 19 22 25 29 30 31 1 2 3 4 5 6 13 14 21 100
7 8 9 10 11 12 19 22 25 29 30 31 1 2 3 4 5 6 13 14 23 24
7 8 9 10 11 12 19 22 25 29 30 31 1 2 3 4 5 6 13 14 23 26
7 8 9 10 11 12 19 22 25 29 30 31 1 2 3 4 5 6 13 14 23 27
7 8 9 10 11 12 19 22 25 29 30 31 1 2 3 4 5 6 13 14 23 28
7 8 9 10 11 12 19 22 25 29 30 31 1 2 3 4 5 6 13 14 23 33
7 8 9 10 11 12 19 22 25 29 30 31 1 2 3 4 5 6 13 14 23 34
7 8 9 10 11 12 19 22 25 29 30 31 1 2 3 4 5 6 13 14 23 36
7 8 9 10 11 12 19 22 25 29 30 31 1 2 3 4 5 6 13 14 23 38
7 8 9 10 11 12 19 22 25 29 30 31 1 2 3 4 5 6 13 14 23 40
7 8 9 10 11 12 19 22 25 29 30 31 1 2 3 4 5 6 13 14 23 46
7 8 9 10 11 12 19 22 25 29 30 31 1 2 3 4 5 6 13 14 23 47
7 8 9 10 11 12 19 22 25 29 30 31 1 2 3 4 5 6 13 14 23 48
7 8 9 10 11 12 19 22 25 29 30 31 1 2 3 4 5 6 13 14 23 49
7 8 9 10 11 12 19 22 25 29 30 31 1 2 3 4 5 6 13 14 23 53
7 8 9 10 11 12 19 22 25 29 30 31 1 2 3 4 5 6 13 14 23 55
7 8 9 10 11 12 19 22 25 29 30 31 1 2 3 4 5 6 13 14 23 56
7 8 9 10 11 12 19 22 25 29 30 31 1 2 3 4 5 6 13 14 23 60
7 8 9 10 11 12 19 22 25 29 30 31 1 2 3 4 5 6 13 14 23 61
7 8 9 10 11 12 19 22 25 29 30 31 1 2 3 4 5 6 13 14 23 63
7 8 9 10 11 12 19 22 25 29 30 31 1 2 3 4 5 6 13 14 23 64
7 8 9 10 11 12 19 22 25 29 30 31 1 2 3 4 5 6 13 14 23 65
7 8 9 10 11 12 19 22 25 29 30 31 1 2 3 4 5 6 13 14 23 66
7 8 9 10 11 12 19 22 25 29 30 31 1 2 3 4 5 6 13 14 23 67
7 8 9 10 11 12 19 22 25 29 30 31 1 2 3 4 5 6 13 14 23 68
7 8 9 10 11 12 19 22 25 29 30 31 1 2 3 4 5 6 13 14 23 69
7 8 9 10 11 12 19 22 25 29 30 31 1 2 3 4 5 6 13 14 23 71
7 8 9 10 11 12 19 22 25 29 30 31 1 2 3 4 5 6 13 14 23 72
7 8 9 10 11 12 19 22 25 29 30 31 1 2 3 4 5 6 13 14 23 74
7 8 9 10 11 12 19 22 25 29 30 31 1 2 3 4 5 6 13 14 23 77
7 8 9 10 11 12 19 22 25 29 30 31 1 2 3 4 5 6 13 14 23 78
7 8 9 10 11 12 19 22 25 29 30 31 1 2 3 4 5 6 13 14 23 79
7 8 9 10 11 12 19 22 25 29 30 31 1 2 3 4 5 6 13 14 23 80
7 8 9 10 11 12 19 22 25 29 30 31 1 2 3 4 5 6 13 14 23 82
7 8 9 10 11 12 19 22 25 29 30 31 1 2 3 4 5 6 13 14 23 83
7 8 9 10 11 12 19 22 25 29 30 31 1 2 3 4 5 6 13 14 23 85
7 8 9 10 11 12 19 22 25 29 30 31 1 2 3 4 5 6 13 14 23 86
7 8 9 10 11 12 19 22 25 29 30 31 1 2 3 4 5 6 13 14 23 87
7 8 9 10 11 12 19 22 25 29 30 31 1 2 3 4 5 6 13 14 23 89
7 8 9 10 11 12 19 22 25 29 30 31 1 2 3 4 5 6 13 14 23 90
7 8 9 10 11 12 19 22 25 29 30 31 1 2 3 4 5 6 13 14 23 91
7 8 9 10 11 12 19 22 25 29 30 31 1 2 3 4 5 6 13 14 23 92
7 8 9 10 11 12 19 22 25 29 30 31 1 2 3 4 5 6 13 14 23 93
7 8 9 10 11 12 19 22 25 29 30 31 1 2 3 4 5 6 13 14 23 94
7 8 9 10 11 12 19 22 25 29 30 31 1 2 3 4 5 6 13 14 23 96
7 8 9 10 11 12 19 22 25 29 30 31 1 2 3 4 5 6 13 14 23 97
7 8 9 10 11 12 19 22 25 29 30 31 1 2 3 4 5 6 13 14 23 98
7 8 9 10 11 12 19 22 25 29 30 31 1 2 3 4 5 6 13 14 23 99
7 8 9 10 11 12 19 22 25 29 30 31 1 2 3 4 5 6 13 14 23 100
7 8 9 10 11 12 19 22 25 29 30 31 1 2 3 4 5 6 13 14 24 26
7 8 9 10 11 12 19 22 25 29 30 31 1 2 3 4 5 6 13 14 24 27
7 8 9 10 11 12 19 22 25 29 30 31 1 2 3 4 5 6 13 14 24 28
7 8 9 10 11 12 19 22 25 29 30 31 1 2 3 4 5 6 13 14 24 33
7 8 9 10 11 12 19 22 25 29 30 31 1 2 3 4 5 6 13 14 24 34
7 8 9 10 11 12 19 22 25 29 30 31 1 2 3 4 5 6 13 14 24 36
7 8 9 10 11 12 19 22 25 29 30 31 1 2 3 4 5 6 13 14 24 38
7 8 9 10 11 12 19 22 25 29 30 31 1 2 3 4 5 6 13 14 24 40
7 8 9 10 11 12 19 22 25 29 30 31 1 2 3 4 5 6 13 14 24 46
7 8 9 10 11 12 19 22 25 29 30 31 1 2 3 4 5 6 13 14 24 47
7 8 9 10 11 12 19 22 25 29 30 31 1 2 3 4 5 6 13 14 24 48
7 8 9 10 11 12 19 22 25 29 30 31 1 2 3 4 5 6 13 14 24 49
7 8 9 10 11 12 19 22 25 29 30 31 1 2 3 4 5 6 13 14 24 53
7 8 9 10 11 12 19 22 25 29 30 31 1 2 3 4 5 6 13 14 24 55
7 8 9 10 11 12 19 22 25 29 30 31 1 2 3 4 5 6 13 14 24 56
7 8 9 10 11 12 19 22 25 29 30 31 1 2 3 4 5 6 13 14 24 60
7 8 9 10 11 12 19 22 25 29 30 31 1 2 3 4 5 6 13 14 24 61
7 8 9 10 11 12 19 22 25 29 30 31 1 2 3 4 5 6 13 14 24 63
7 8 9 10 11 12 19 22 25 29 30 31 1 2 3 4 5 6 13 14 24 64
7 8 9 10 11 12 19 22 25 29 30 31 1 2 3 4 5 6 13 14 24 65
7 8 9 10 11 12 19 22 25 29 30 31 1 2 3 4 5 6 13 14 24 66
7 8 9 10 11 12 19 22 25 29 30 31 1 2 3 4 5 6 13 14 24 67
7 8 9 10 11 12 19 22 25 29 30 31 1 2 3 4 5 6 13 14 24 68
7 8 9 10 11 12 19 22 25 29 30 31 1 2 3 4 5 6 13 14 24 69
7 8 9 10 11 12 19 22 25 29 30 31 1 2 3 4 5 6 13 14 24 71
7 8 9 10 11 12 19 22 25 29 30 31 1 2 3 4 5 6 13 14 24 72
7 8 9 10 11 12 19 22 25 29 30 31 1 2 3 4 5 6 13 14 24 74
7 8 9 10 11 12 19 22 25 29 30 31 1 2 3 4 5 6 13 14 24 77
7 8 9 10 11 12 19 22 25 29 30 31 1 2 3 4 5 6 13 14 24 78
7 8 9 10 11 12 19 22 25 29 30 31 1 2 3 4 5 6 13 14 24 79
7 8 9 10 11 12 19 22 25 29 30 31 1 2 3 4 5 6 13 14 24 80
7 8 9 10 11 12 19 22 25 29 30 31 1 2 3 4 5 6 13 14 24 82
7 8 9 10 11 12 19 22 25 29 30 31 1 2 3 4 5 6 13 14 24 83
7 8 9 10 11 12 19 22 25 29 30 31 1 2 3 4 5 6 13 14 24 85
7 8 9 10 11 12 19 22 25 29 30 31 1 2 3 4 5 6 13 14 24 86
7 8 9 10 11 12 19 22 25 29 30 31 1 2 3 4 5 6 13 14 24 87
7 8 9 10 11 12 19 22 25 29 30 31 1 2 3 4 5 6 13 14 24 89
7 8 9 10 11 12 19 22 25 29 30 31 1 2 3 4 5 6 13 14 24 90
7 8 9 10 11 12 19 22 25 29 30 31 1 2 3 4 5 6 13 14 24 91
7 8 9 10 11 12 19 22 25 29 30 31 1 2 3 4 5 6 13 14 24 92
7 8 9 10 11 12 19 22 25 29 30 31 1 2 3 4 5 6 13 14 24 93
7 8 9 10 11 12 19 22 25 29 30 31 1 2 3 4 5 6 13 14 24 94
7 8 9 10 11 12 19 22 25 29 30 31 1 2 3 4 5 6 13 14 24 96
7 8 9 10 11 12 19 22 25 29 30 31 1 2 3 4 5 6 13 14 24 97
7 8 9 10 11 12 19 22 25 29 30 31 1 2 3 4 5 6 13 14 24 98
7 8 9 10 11 12 19 22 25 29 30 31 1 2 3 4 5 6 13 14 24 99
7 8 9 10 11 12 19 22 25 29 30 31 1 2 3 4 5 6 13 14 24 100
7 8 9 10 11 12 19 22 25 29 30 31 1 2 3 4 5 6 13 14 26 27
7 8 9 10 11 12 19 22 25 29 30 31 1 2 3 4 5 6 13 14 26 28
7 8 9 10 11 12 19 22 25 29 30 31 1 2 3 4 5 6 13 14 26 33
7 8 9 10 11 12 19 22 25 29 30 31 1 2 3 4 5 6 13 14 26 34
7 8 9 10 11 12 19 22 25 29 30 31 1 2 3 4 5 6 13 14 26 36
7 8 9 10 11 12 19 22 25 29 30 31 1 2 3 4 5 6 13 14 26 38
7 8 9 10 11 12 19 22 25 29 30 31 1 2 3 4 5 6 13 14 26 40
7 8 9 10 11 12 19 22 25 29 30 31 1 2 3 4 5 6 13 14 26 46
7 8 9 10 11 12 19 22 25 29 30 31 1 2 3 4 5 6 13 14 26 47
7 8 9 10 11 12 19 22 25 29 30 31 1 2 3 4 5 6 13 14 26 48
7 8 9 10 11 12 19 22 25 29 30 31 1 2 3 4 5 6 13 14 26 49
7 8 9 10 11 12 19 22 25 29 30 31 1 2 3 4 5 6 13 14 26 53
7 8 9 10 11 12 19 22 25 29 30 31 1 2 3 4 5 6 13 14 26 55
7 8 9 10 11 12 19 22 25 29 30 31 1 2 3 4 5 6 13 14 26 56
7 8 9 10 11 12 19 22 25 29 30 31 1 2 3 4 5 6 13 14 26 60
7 8 9 10 11 12 19 22 25 29 30 31 1 2 3 4 5 6 13 14 26 61
7 8 9 10 11 12 19 22 25 29 30 31 1 2 3 4 5 6 13 14 26 63
7 8 9 10 11 12 19 22 25 29 30 31 1 2 3 4 5 6 13 14 26 64
7 8 9 10 11 12 19 22 25 29 30 31 1 2 3 4 5 6 13 14 26 65
7 8 9 10 11 12 19 22 25 29 30 31 1 2 3 4 5 6 13 14 26 66
7 8 9 10 11 12 19 22 25 29 30 31 1 2 3 4 5 6 13 14 26 67
7 8 9 10 11 12 19 22 25 29 30 31 1 2 3 4 5 6 13 14 26 68
7 8 9 10 11 12 19 22 25 29 30 31 1 2 3 4 5 6 13 14 26 69
7 8 9 10 11 12 19 22 25 29 30 31 1 2 3 4 5 6 13 14 26 71
7 8 9 10 11 12 19 22 25 29 30 31 1 2 3 4 5 6 13 14 26 72
7 8 9 10 11 12 19 22 25 29 30 31 1 2 3 4 5 6 13 14 26 74
7 8 9 10 11 12 19 22 25 29 30 31 1 2 3 4 5 6 13 14 26 77
7 8 9 10 11 12 19 22 25 29 30 31 1 2 3 4 5 6 13 14 26 78
7 8 9 10 11 12 19 22 25 29 30 31 1 2 3 4 5 6 13 14 26 79
7 8 9 10 11 12 19 22 25 29 30 31 1 2 3 4 5 6 13 14 26 80
7 8 9 10 11 12 19 22 25 29 30 31 1 2 3 4 5 6 13 14 26 82
7 8 9 10 11 12 19 22 25 29 30 31 1 2 3 4 5 6 13 14 26 83
7 8 9 10 11 12 19 22 25 29 30 31 1 2 3 4 5 6 13 14 26 85
7 8 9 10 11 12 19 22 25 29 30 31 1 2 3 4 5 6 13 14 26 86
7 8 9 10 11 12 19 22 25 29 30 31 1 2 3 4 5 6 13 14 26 87
7 8 9 10 11 12 19 22 25 29 30 31 1 2 3 4 5 6 13 14 26 89
7 8 9 10 11 12 19 22 25 29 30 31 1 2 3 4 5 6 13 14 26 90
7 8 9 10 11 12 19 22 25 29 30 31 1 2 3 4 5 6 13 14 26 91
7 8 9 10 11 12 19 22 25 29 30 31 1 2 3 4 5 6 13 14 26 92
7 8 9 10 11 12 19 22 25 29 30 31 1 2 3 4 5 6 13 14 26 93
7 8 9 10 11 12 19 22 25 29 30 31 1 2 3 4 5 6 13 14 26 94
7 8 9 10 11 12 19 22 25 29 30 31 1 2 3 4 5 6 13 14 26 96
7 8 9 10 11 12 19 22 25 29 30 31 1 2 3 4 5 6 13 14 26 97
7 8 9 10 11 12 19 22 25 29 30 31 1 2 3 4 5 6 13 14 26 98
7 8 9 10 11 12 19 22 25 29 30 31 1 2 3 4 5 6 13 14 26 99
7 8 9 10 11 12 19 22 25 29 30 31 1 2 3 4 5 6 13 14 26 100
7 8 9 10 11 12 19 22 25 29 30 31 1 2 3 4 5 6 13 14 27 28
7 8 9 10 11 12 19 22 25 29 30 31 1 2 3 4 5 6 13 14 27 33
7 8 9 10 11 12 19 22 25 29 30 31 1 2 3 4 5 6 13 14 27 34
7 8 9 10 11 12 19 22 25 29 30 31 1 2 3 4 5 6 13 14 27 36
7 8 9 10 11 12 19 22 25 29 30 31 1 2 3 4 5 6 13 14 27 38
7 8 9 10 11 12 19 22 25 29 30 31 1 2 3 4 5 6 13 14 27 40
7 8 9 10 11 12 19 22 25 29 30 31 1 2 3 4 5 6 13 14 27 46
7 8 9 10 11 12 19 22 25 29 30 31 1 2 3 4 5 6 13 14 27 47
7 8 9 10 11 12 19 22 25 29 30 31 1 2 3 4 5 6 13 14 27 48
7 8 9 10 11 12 19 22 25 29 30 31 1 2 3 4 5 6 13 14 27 49
7 8 9 10 11 12 19 22 25 29 30 31 1 2 3 4 5 6 13 14 27 53
7 8 9 10 11 12 19 22 25 29 30 31 1 2 3 4 5 6 13 14 27 55
7 8 9 10 11 12 19 22 25 29 30 31 1 2 3 4 5 6 13 14 27 56
7 8 9 10 11 12 19 22 25 29 30 31 1 2 3 4 5 6 13 14 27 60
7 8 9 10 11 12 19 22 25 29 30 31 1 2 3 4 5 6 13 14 27 61
7 8 9 10 11 12 19 22 25 29 30 31 1 2 3 4 5 6 13 14 27 63
7 8 9 10 11 12 19 22 25 29 30 31 1 2 3 4 5 6 13 14 27 64
7 8 9 10 11 12 19 22 25 29 30 31 1 2 3 4 5 6 13 14 27 65
7 8 9 10 11 12 19 22 25 29 30 31 1 2 3 4 5 6 13 14 27 66
7 8 9 10 11 12 19 22 25 29 30 31 1 2 3 4 5 6 13 14 27 67
7 8 9 10 11 12 19 22 25 29 30 31 1 2 3 4 5 6 13 14 27 68
7 8 9 10 11 12 19 22 25 29 30 31 1 2 3 4 5 6 13 14 27 69
7 8 9 10 11 12 19 22 25 29 30 31 1 2 3 4 5 6 13 14 27 71
7 8 9 10 11 12 19 22 25 29 30 31 1 2 3 4 5 6 13 14 27 72
7 8 9 10 11 12 19 22 25 29 30 31 1 2 3 4 5 6 13 14 27 74
7 8 9 10 11 12 19 22 25 29 30 31 1 2 3 4 5 6 13 14 27 77
7 8 9 10 11 12 19 22 25 29 30 31 1 2 3 4 5 6 13 14 27 78
7 8 9 10 11 12 19 22 25 29 30 31 1 2 3 4 5 6 13 14 27 79
7 8 9 10 11 12 19 22 25 29 30 31 1 2 3 4 5 6 13 14 27 80
7 8 9 10 11 12 19 22 25 29 30 31 1 2 3 4 5 6 13 14 27 82
7 8 9 10 11 12 19 22 25 29 30 31 1 2 3 4 5 6 13 14 27 83
7 8 9 10 11 12 19 22 25 29 30 31 1 2 3 4 5 6 13 14 27 85
7 8 9 10 11 12 19 22 25 29 30 31 1 2 3 4 5 6 13 14 27 86
7 8 9 10 11 12 19 22 25 29 30 31 1 2 3 4 5 6 13 14 27 87
7 8 9 10 11 12 19 22 25 29 30 31 1 2 3 4 5 6 13 14 27 89
7 8 9 10 11 12 19 22 25 29 30 31 1 2 3 4 5 6 13 14 27 90
7 8 9 10 11 12 19 22 25 29 30 31 1 2 3 4 5 6 13 14 27 91
7 8 9 10 11 12 19 22 25 29 30 31 1 2 3 4 5 6 13 14 27 92
7 8 9 10 11 12 19 22 25 29 30 31 1 2 3 4 5 6 13 14 27 93
7 8 9 10 11 12 19 22 25 29 30 31 1 2 3 4 5 6 13 14 27 94
7 8 9 10 11 12 19 22 25 29 30 31 1 2 3 4 5 6 13 14 27 96
7 8 9 10 11 12 19 22 25 29 30 31 1 2 3 4 5 6 13 14 27 97
7 8 9 10 11 12 19 22 25 29 30 31 1 2 3 4 5 6 13 14 27 98
7 8 9 10 11 12 19 22 25 29 30 31 1 2 3 4 5 6 13 14 27 99
7 8 9 10 11 12 19 22 25 29 30 31 1 2 3 4 5 6 13 14 27 100
7 8 9 10 11 12 19 22 25 29 30 31 1 2 3 4 5 6 13 14 28 33
7 8 9 10 11 12 19 22 25 29 30 31 1 2 3 4 5 6 13 14 28 34
7 8 9 10 11 12 19 22 25 29 30 31 1 2 3 4 5 6 13 14 28 36
7 8 9 10 11 12 19 22 25 29 30 31 1 2 3 4 5 6 13 14 28 38
7 8 9 10 11 12 19 22 25 29 30 31 1 2 3 4 5 6 13 14 28 40
7 8 9 10 11 12 19 22 25 29 30 31 1 2 3 4 5 6 13 14 28 46
7 8 9 10 11 12 19 22 25 29 30 31 1 2 3 4 5 6 13 14 28 47
7 8 9 10 11 12 19 22 25 29 30 31 1 2 3 4 5 6 13 14 28 48
7 8 9 10 11 12 19 22 25 29 30 31 1 2 3 4 5 6 13 14 28 49
7 8 9 10 11 12 19 22 25 29 30 31 1 2 3 4 5 6 13 14 28 53
7 8 9 10 11 12 19 22 25 29 30 31 1 2 3 4 5 6 13 14 28 55
7 8 9 10 11 12 19 22 25 29 30 31 1 2 3 4 5 6 13 14 28 56
7 8 9 10 11 12 19 22 25 29 30 31 1 2 3 4 5 6 13 14 28 60
7 8 9 10 11 12 19 22 25 29 30 31 1 2 3 4 5 6 13 14 28 61
7 8 9 10 11 12 19 22 25 29 30 31 1 2 3 4 5 6 13 14 28 63
7 8 9 10 11 12 19 22 25 29 30 31 1 2 3 4 5 6 13 14 28 64
7 8 9 10 11 12 19 22 25 29 30 31 1 2 3 4 5 6 13 14 28 65
7 8 9 10 11 12 19 22 25 29 30 31 1 2 3 4 5 6 13 14 28 66
7 8 9 10 11 12 19 22 25 29 30 31 1 2 3 4 5 6 13 14 28 67
7 8 9 10 11 12 19 22 25 29 30 31 1 2 3 4 5 6 13 14 28 68
7 8 9 10 11 12 19 22 25 29 30 31 1 2 3 4 5 6 13 14 28 69
7 8 9 10 11 12 19 22 25 29 30 31 1 2 3 4 5 6 13 14 28 71
7 8 9 10 11 12 19 22 25 29 30 31 1 2 3 4 5 6 13 14 28 72
7 8 9 10 11 12 19 22 25 29 30 31 1 2 3 4 5 6 13 14 28 74
7 8 9 10 11 12 19 22 25 29 30 31 1 2 3 4 5 6 13 14 28 77
7 8 9 10 11 12 19 22 25 29 30 31 1 2 3 4 5 6 13 14 28 78
7 8 9 10 11 12 19 22 25 29 30 31 1 2 3 4 5 6 13 14 28 79
7 8 9 10 11 12 19 22 25 29 30 31 1 2 3 4 5 6 13 14 28 80
7 8 9 10 11 12 19 22 25 29 30 31 1 2 3 4 5 6 13 14 28 82
7 8 9 10 11 12 19 22 25 29 30 31 1 2 3 4 5 6 13 14 28 83
7 8 9 10 11 12 19 22 25 29 30 31 1 2 3 4 5 6 13 14 28 85
7 8 9 10 11 12 19 22 25 29 30 31 1 2 3 4 5 6 13 14 28 86
7 8 9 10 11 12 19 22 25 29 30 31 1 2 3 4 5 6 13 14 28 87
7 8 9 10 11 12 19 22 25 29 30 31 1 2 3 4 5 6 13 14 28 89
7 8 9 10 11 12 19 22 25 29 30 31 1 2 3 4 5 6 13 14 28 90
7 8 9 10 11 12 19 22 25 29 30 31 1 2 3 4 5 6 13 14 28 91
7 8 9 10 11 12 19 22 25 29 30 31 1 2 3 4 5 6 13 14 28 92
7 8 9 10 11 12 19 22 25 29 30 31 1 2 3 4 5 6 13 14 28 93
7 8 9 10 11 12 19 22 25 29 30 31 1 2 3 4 5 6 13 14 28 94
7 8 9 10 11 12 19 22 25 29 30 31 1 2 3 4 5 6 13 14 28 96
7 8 9 10 11 12 19 22 25 29 30 31 1 2 3 4 5 6 13 14 28 97
7 8 9 10 11 12 19 22 25 29 30 31 1 2 3 4 5 6 13 14 28 98
7 8 9 10 11 12 19 22 25 29 30 31 1 2 3 4 5 6 13 14 28 99
7 8 9 10 11 12 19 22 25 29 30 31 1 2 3 4 5 6 13 14 28 100
7 8 9 10 11 12 19 22 25 29 30 31 1 2 3 4 5 6 13 14 33 34
7 8 9 10 11 12 19 22 25 29 30 31 1 2 3 4 5 6 13 14 33 36
7 8 9 10 11 12 19 22 25 29 30 31 1 2 3 4 5 6 13 14 33 38
7 8 9 10 11 12 19 22 25 29 30 31 1 2 3 4 5 6 13 14 33 40
7 8 9 10 11 12 19 22 25 29 30 31 1 2 3 4 5 6 13 14 33 46
7 8 9 10 11 12 19 22 25 29 30 31 1 2 3 4 5 6 13 14 33 47
7 8 9 10 11 12 19 22 25 29 30 31 1 2 3 4 5 6 13 14 33 48
7 8 9 10 11 12 19 22 25 29 30 31 1 2 3 4 5 6 13 14 33 49
7 8 9 10 11 12 19 22 25 29 30 31 1 2 3 4 5 6 13 14 33 53
7 8 9 10 11 12 19 22 25 29 30 31 1 2 3 4 5 6 13 14 33 55
7 8 9 10 11 12 19 22 25 29 30 31 1 2 3 4 5 6 13 14 33 56
7 8 9 10 11 12 19 22 25 29 30 31 1 2 3 4 5 6 13 14 33 60
7 8 9 10 11 12 19 22 25 29 30 31 1 2 3 4 5 6 13 14 33 61
7 8 9 10 11 12 19 22 25 29 30 31 1 2 3 4 5 6 13 14 33 63
7 8 9 10 11 12 19 22 25 29 30 31 1 2 3 4 5 6 13 14 33 64
7 8 9 10 11 12 19 22 25 29 30 31 1 2 3 4 5 6 13 14 33 65
7 8 9 10 11 12 19 22 25 29 30 31 1 2 3 4 5 6 13 14 33 66
7 8 9 10 11 12 19 22 25 29 30 31 1 2 3 4 5 6 13 14 33 67
7 8 9 10 11 12 19 22 25 29 30 31 1 2 3 4 5 6 13 14 33 68
7 8 9 10 11 12 19 22 25 29 30 31 1 2 3 4 5 6 13 14 33 69
7 8 9 10 11 12 19 22 25 29 30 31 1 2 3 4 5 6 13 14 33 71
7 8 9 10 11 12 19 22 25 29 30 31 1 2 3 4 5 6 13 14 33 72
7 8 9 10 11 12 19 22 25 29 30 31 1 2 3 4 5 6 13 14 33 74
7 8 9 10 11 12 19 22 25 29 30 31 1 2 3 4 5 6 13 14 33 77
7 8 9 10 11 12 19 22 25 29 30 31 1 2 3 4 5 6 13 14 33 78
7 8 9 10 11 12 19 22 25 29 30 31 1 2 3 4 5 6 13 14 33 79
7 8 9 10 11 12 19 22 25 29 30 31 1 2 3 4 5 6 13 14 33 80
7 8 9 10 11 12 19 22 25 29 30 31 1 2 3 4 5 6 13 14 33 82
7 8 9 10 11 12 19 22 25 29 30 31 1 2 3 4 5 6 13 14 33 83
7 8 9 10 11 12 19 22 25 29 30 31 1 2 3 4 5 6 13 14 33 85
7 8 9 10 11 12 19 22 25 29 30 31 1 2 3 4 5 6 13 14 33 86
7 8 9 10 11 12 19 22 25 29 30 31 1 2 3 4 5 6 13 14 33 87
7 8 9 10 11 12 19 22 25 29 30 31 1 2 3 4 5 6 13 14 33 89
7 8 9 10 11 12 19 22 25 29 30 31 1 2 3 4 5 6 13 14 33 90
7 8 9 10 11 12 19 22 25 29 30 31 1 2 3 4 5 6 13 14 33 91
7 8 9 10 11 12 19 22 25 29 30 31 1 2 3 4 5 6 13 14 33 92
7 8 9 10 11 12 19 22 25 29 30 31 1 2 3 4 5 6 13 14 33 93
7 8 9 10 11 12 19 22 25 29 30 31 1 2 3 4 5 6 13 14 33 94
7 8 9 10 11 12 19 22 25 29 30 31 1 2 3 4 5 6 13 14 33 96
7 8 9 10 11 12 19 22 25 29 30 31 1 2 3 4 5 6 13 14 33 97
7 8 9 10 11 12 19 22 25 29 30 31 1 2 3 4 5 6 13 14 33 98
7 8 9 10 11 12 19 22 25 29 30 31 1 2 3 4 5 6 13 14 33 99
7 8 9 10 11 12 19 22 25 29 30 31 1 2 3 4 5 6 13 14 33 100
7 8 9 10 11 12 19 22 25 29 30 31 1 2 3 4 5 6 13 14 34 36
7 8 9 10 11 12 19 22 25 29 30 31 1 2 3 4 5 6 13 14 34 38
7 8 9 10 11 12 19 22 25 29 30 31 1 2 3 4 5 6 13 14 34 40
7 8 9 10 11 12 19 22 25 29 30 31 1 2 3 4 5 6 13 14 34 46
7 8 9 10 11 12 19 22 25 29 30 31 1 2 3 4 5 6 13 14 34 47
7 8 9 10 11 12 19 22 25 29 30 31 1 2 3 4 5 6 13 14 34 48
7 8 9 10 11 12 19 22 25 29 30 31 1 2 3 4 5 6 13 14 34 49
7 8 9 10 11 12 19 22 25 29 30 31 1 2 3 4 5 6 13 14 34 53
7 8 9 10 11 12 19 22 25 29 30 31 1 2 3 4 5 6 13 14 34 55
7 8 9 10 11 12 19 22 25 29 30 31 1 2 3 4 5 6 13 14 34 56
7 8 9 10 11 12 19 22 25 29 30 31 1 2 3 4 5 6 13 14 34 60
7 8 9 10 11 12 19 22 25 29 30 31 1 2 3 4 5 6 13 14 34 61
7 8 9 10 11 12 19 22 25 29 30 31 1 2 3 4 5 6 13 14 34 63
7 8 9 10 11 12 19 22 25 29 30 31 1 2 3 4 5 6 13 14 34 64
7 8 9 10 11 12 19 22 25 29 30 31 1 2 3 4 5 6 13 14 34 65
7 8 9 10 11 12 19 22 25 29 30 31 1 2 3 4 5 6 13 14 34 66
7 8 9 10 11 12 19 22 25 29 30 31 1 2 3 4 5 6 13 14 34 67
7 8 9 10 11 12 19 22 25 29 30 31 1 2 3 4 5 6 13 14 34 68
7 8 9 10 11 12 19 22 25 29 30 31 1 2 3 4 5 6 13 14 34 69
7 8 9 10 11 12 19 22 25 29 30 31 1 2 3 4 5 6 13 14 34 71
7 8 9 10 11 12 19 22 25 29 30 31 1 2 3 4 5 6 13 14 34 72
7 8 9 10 11 12 19 22 25 29 30 31 1 2 3 4 5 6 13 14 34 74
7 8 9 10 11 12 19 22 25 29 30 31 1 2 3 4 5 6 13 14 34 77
7 8 9 10 11 12 19 22 25 29 30 31 1 2 3 4 5 6 13 14 34 78
7 8 9 10 11 12 19 22 25 29 30 31 1 2 3 4 5 6 13 14 34 79
7 8 9 10 11 12 19 22 25 29 30 31 1 2 3 4 5 6 13 14 34 80
7 8 9 10 11 12 19 22 25 29 30 31 1 2 3 4 5 6 13 14 34 82
7 8 9 10 11 12 19 22 25 29 30 31 1 2 3 4 5 6 13 14 34 83
7 8 9 10 11 12 19 22 25 29 30 31 1 2 3 4 5 6 13 14 34 85
7 8 9 10 11 12 19 22 25 29 30 31 1 2 3 4 5 6 13 14 34 86
7 8 9 10 11 12 19 22 25 29 30 31 1 2 3 4 5 6 13 14 34 87
7 8 9 10 11 12 19 22 25 29 30 31 1 2 3 4 5 6 13 14 34 89
7 8 9 10 11 12 19 22 25 29 30 31 1 2 3 4 5 6 13 14 34 90
7 8 9 10 11 12 19 22 25 29 30 31 1 2 3 4 5 6 13 14 34 91
7 8 9 10 11 12 19 22 25 29 30 31 1 2 3 4 5 6 13 14 34 92
7 8 9 10 11 12 19 22 25 29 30 31 1 2 3 4 5 6 13 14 34 93
7 8 9 10 11 12 19 22 25 29 30 31 1 2 3 4 5 6 13 14 34 94
7 8 9 10 11 12 19 22 25 29 30 31 1 2 3 4 5 6 13 14 34 96
7 8 9 10 11 12 19 22 25 29 30 31 1 2 3 4 5 6 13 14 34 97
7 8 9 10 11 12 19 22 25 29 30 31 1 2 3 4 5 6 13 14 34 98
7 8 9 10 11 12 19 22 25 29 30 31 1 2 3 4 5 6 13 14 34 99
7 8 9 10 11 12 19 22 25 29 30 31 1 2 3 4 5 6 13 14 34 100
7 8 9 10 11 12 19 22 25 29 30 31 1 2 3 4 5 6 13 14 36 38
7 8 9 10 11 12 19 22 25 29 30 31 1 2 3 4 5 6 13 14 36 40
7 8 9 10 11 12 19 22 25 29 30 31 1 2 3 4 5 6 13 14 36 46
7 8 9 10 11 12 19 22 25 29 30 31 1 2 3 4 5 6 13 14 36 47
7 8 9 10 11 12 19 22 25 29 30 31 1 2 3 4 5 6 13 14 36 48
7 8 9 10 11 12 19 22 25 29 30 31 1 2 3 4 5 6 13 14 36 49
7 8 9 10 11 12 19 22 25 29 30 31 1 2 3 4 5 6 13 14 36 53
7 8 9 10 11 12 19 22 25 29 30 31 1 2 3 4 5 6 13 14 36 55
7 8 9 10 11 12 19 22 25 29 30 31 1 2 3 4 5 6 13 14 36 56
7 8 9 10 11 12 19 22 25 29 30 31 1 2 3 4 5 6 13 14 36 60
7 8 9 10 11 12 19 22 25 29 30 31 1 2 3 4 5 6 13 14 36 61
7 8 9 10 11 12 19 22 25 29 30 31 1 2 3 4 5 6 13 14 36 63
7 8 9 10 11 12 19 22 25 29 30 31 1 2 3 4 5 6 13 14 36 64
7 8 9 10 11 12 19 22 25 29 30 31 1 2 3 4 5 6 13 14 36 65
7 8 9 10 11 12 19 22 25 29 30 31 1 2 3 4 5 6 13 14 36 66
7 8 9 10 11 12 19 22 25 29 30 31 1 2 3 4 5 6 13 14 36 67
7 8 9 10 11 12 19 22 25 29 30 31 1 2 3 4 5 6 13 14 36 68
7 8 9 10 11 12 19 22 25 29 30 31 1 2 3 4 5 6 13 14 36 69
7 8 9 10 11 12 19 22 25 29 30 31 1 2 3 4 5 6 13 14 36 71
7 8 9 10 11 12 19 22 25 29 30 31 1 2 3 4 5 6 13 14 36 72
7 8 9 10 11 12 19 22 25 29 30 31 1 2 3 4 5 6 13 14 36 74
7 8 9 10 11 12 19 22 25 29 30 31 1 2 3 4 5 6 13 14 36 77
7 8 9 10 11 12 19 22 25 29 30 31 1 2 3 4 5 6 13 14 36 78
7 8 9 10 11 12 19 22 25 29 30 31 1 2 3 4 5 6 13 14 36 79
7 8 9 10 11 12 19 22 25 29 30 31 1 2 3 4 5 6 13 14 36 80
7 8 9 10 11 12 19 22 25 29 30 31 1 2 3 4 5 6 13 14 36 82
7 8 9 10 11 12 19 22 25 29 30 31 1 2 3 4 5 6 13 14 36 83
7 8 9 10 11 12 19 22 25 29 30 31 1 2 3 4 5 6 13 14 36 85
7 8 9 10 11 12 19 22 25 29 30 31 1 2 3 4 5 6 13 14 36 86
7 8 9 10 11 12 19 22 25 29 30 31 1 2 3 4 5 6 13 14 36 87
7 8 9 10 11 12 19 22 25 29 30 31 1 2 3 4 5 6 13 14 36 89
7 8 9 10 11 12 19 22 25 29 30 31 1 2 3 4 5 6 13 14 36 90
7 8 9 10 11 12 19 22 25 29 30 31 1 2 3 4 5 6 13 14 36 91
7 8 9 10 11 12 19 22 25 29 30 31 1 2 3 4 5 6 13 14 36 92
7 8 9 10 11 12 19 22 25 29 30 31 1 2 3 4 5 6 13 14 36 93
7 8 9 10 11 12 19 22 25 29 30 31 1 2 3 4 5 6 13 14 36 94
7 8 9 10 11 12 19 22 25 29 30 31 1 2 3 4 5 6 13 14 36 96
7 8 9 10 11 12 19 22 25 29 30 31 1 2 3 4 5 6 13 14 36 97
7 8 9 10 11 12 19 22 25 29 30 31 1 2 3 4 5 6 13 14 36 98
7 8 9 10 11 12 19 22 25 29 30 31 1 2 3 4 5 6 13 14 36 99
7 8 9 10 11 12 19 22 25 29 30 31 1 2 3 4 5 6 13 14 36 100
7 8 9 10 11 12 19 22 25 29 30 31 1 2 3 4 5 6 13 14 38 40
7 8 9 10 11 12 19 22 25 29 30 31 1 2 3 4 5 6 13 14 38 46
7 8 9 10 11 12 19 22 25 29 30 31 1 2 3 4 5 6 13 14 38 47
7 8 9 10 11 12 19 22 25 29 30 31 1 2 3 4 5 6 13 14 38 48
7 8 9 10 11 12 19 22 25 29 30 31 1 2 3 4 5 6 13 14 38 49
7 8 9 10 11 12 19 22 25 29 30 31 1 2 3 4 5 6 13 14 38 53
7 8 9 10 11 12 19 22 25 29 30 31 1 2 3 4 5 6 13 14 38 55
7 8 9 10 11 12 19 22 25 29 30 31 1 2 3 4 5 6 13 14 38 56
7 8 9 10 11 12 19 22 25 29 30 31 1 2 3 4 5 6 13 14 38 60
7 8 9 10 11 12 19 22 25 29 30 31 1 2 3 4 5 6 13 14 38 61
7 8 9 10 11 12 19 22 25 29 30 31 1 2 3 4 5 6 13 14 38 63
7 8 9 10 11 12 19 22 25 29 30 31 1 2 3 4 5 6 13 14 38 64
7 8 9 10 11 12 19 22 25 29 30 31 1 2 3 4 5 6 13 14 38 65
7 8 9 10 11 12 19 22 25 29 30 31 1 2 3 4 5 6 13 14 38 66
7 8 9 10 11 12 19 22 25 29 30 31 1 2 3 4 5 6 13 14 38 67
7 8 9 10 11 12 19 22 25 29 30 31 1 2 3 4 5 6 13 14 38 68
7 8 9 10 11 12 19 22 25 29 30 31 1 2 3 4 5 6 13 14 38 69
7 8 9 10 11 12 19 22 25 29 30 31 1 2 3 4 5 6 13 14 38 71
7 8 9 10 11 12 19 22 25 29 30 31 1 2 3 4 5 6 13 14 38 72
7 8 9 10 11 12 19 22 25 29 30 31 1 2 3 4 5 6 13 14 38 74
7 8 9 10 11 12 19 22 25 29 30 31 1 2 3 4 5 6 13 14 38 77
7 8 9 10 11 12 19 22 25 29 30 31 1 2 3 4 5 6 13 14 38 78
7 8 9 10 11 12 19 22 25 29 30 31 1 2 3 4 5 6 13 14 38 79
7 8 9 10 11 12 19 22 25 29 30 31 1 2 3 4 5 6 13 14 38 80
7 8 9 10 11 12 19 22 25 29 30 31 1 2 3 4 5 6 13 14 38 82
7 8 9 10 11 12 19 22 25 29 30 31 1 2 3 4 5 6 13 14 38 83
7 8 9 10 11 12 19 22 25 29 30 31 1 2 3 4 5 6 13 14 38 85
7 8 9 10 11 12 19 22 25 29 30 31 1 2 3 4 5 6 13 14 38 86
7 8 9 10 11 12 19 22 25 29 30 31 1 2 3 4 5 6 13 14 38 87
7 8 9 10 11 12 19 22 25 29 30 31 1 2 3 4 5 6 13 14 38 89
7 8 9 10 11 12 19 22 25 29 30 31 1 2 3 4 5 6 13 14 38 90
7 8 9 10 11 12 19 22 25 29 30 31 1 2 3 4 5 6 13 14 38 91
7 8 9 10 11 12 19 22 25 29 30 31 1 2 3 4 5 6 13 14 38 92
7 8 9 10 11 12 19 22 25 29 30 31 1 2 3 4 5 6 13 14 38 93
7 8 9 10 11 12 19 22 25 29 30 31 1 2 3 4 5 6 13 14 38 94
7 8 9 10 11 12 19 22 25 29 30 31 1 2 3 4 5 6 13 14 38 96
7 8 9 10 11 12 19 22 25 29 30 31 1 2 3 4 5 6 13 14 38 97
7 8 9 10 11 12 19 22 25 29 30 31 1 2 3 4 5 6 13 14 38 98
7 8 9 10 11 12 19 22 25 29 30 31 1 2 3 4 5 6 13 14 38 99
7 8 9 10 11 12 19 22 25 29 30 31 1 2 3 4 5 6 13 14 38 100
7 8 9 10 11 12 19 22 25 29 30 31 1 2 3 4 5 6 13 14 40 46
7 8 9 10 11 12 19 22 25 29 30 31 1 2 3 4 5 6 13 14 40 47
7 8 9 10 11 12 19 22 25 29 30 31 1 2 3 4 5 6 13 14 40 48
7 8 9 10 11 12 19 22 25 29 30 31 1 2 3 4 5 6 13 14 40 49
7 8 9 10 11 12 19 22 25 29 30 31 1 2 3 4 5 6 13 14 40 53
7 8 9 10 11 12 19 22 25 29 30 31 1 2 3 4 5 6 13 14 40 55
7 8 9 10 11 12 19 22 25 29 30 31 1 2 3 4 5 6 13 14 40 56
7 8 9 10 11 12 19 22 25 29 30 31 1 2 3 4 5 6 13 14 40 60
7 8 9 10 11 12 19 22 25 29 30 31 1 2 3 4 5 6 13 14 40 61
7 8 9 10 11 12 19 22 25 29 30 31 1 2 3 4 5 6 13 14 40 63
7 8 9 10 11 12 19 22 25 29 30 31 1 2 3 4 5 6 13 14 40 64
7 8 9 10 11 12 19 22 25 29 30 31 1 2 3 4 5 6 13 14 40 65
7 8 9 10 11 12 19 22 25 29 30 31 1 2 3 4 5 6 13 14 40 66
7 8 9 10 11 12 19 22 25 29 30 31 1 2 3 4 5 6 13 14 40 67
7 8 9 10 11 12 19 22 25 29 30 31 1 2 3 4 5 6 13 14 40 68
7 8 9 10 11 12 19 22 25 29 30 31 1 2 3 4 5 6 13 14 40 69
7 8 9 10 11 12 19 22 25 29 30 31 1 2 3 4 5 6 13 14 40 71
7 8 9 10 11 12 19 22 25 29 30 31 1 2 3 4 5 6 13 14 40 72
7 8 9 10 11 12 19 22 25 29 30 31 1 2 3 4 5 6 13 14 40 74
7 8 9 10 11 12 19 22 25 29 30 31 1 2 3 4 5 6 13 14 40 77
7 8 9 10 11 12 19 22 25 29 30 31 1 2 3 4 5 6 13 14 40 78
7 8 9 10 11 12 19 22 25 29 30 31 1 2 3 4 5 6 13 14 40 79
7 8 9 10 11 12 19 22 25 29 30 31 1 2 3 4 5 6 13 14 40 80
7 8 9 10 11 12 19 22 25 29 30 31 1 2 3 4 5 6 13 14 40 82
7 8 9 10 11 12 19 22 25 29 30 31 1 2 3 4 5 6 13 14 40 83
7 8 9 10 11 12 19 22 25 29 30 31 1 2 3 4 5 6 13 14 40 85
7 8 9 10 11 12 19 22 25 29 30 31 1 2 3 4 5 6 13 14 40 86
7 8 9 10 11 12 19 22 25 29 30 31 1 2 3 4 5 6 13 14 40 87
7 8 9 10 11 12 19 22 25 29 30 31 1 2 3 4 5 6 13 14 40 89
7 8 9 10 11 12 19 22 25 29 30 31 1 2 3 4 5 6 13 14 40 90
7 8 9 10 11 12 19 22 25 29 30 31 1 2 3 4 5 6 13 14 40 91
7 8 9 10 11 12 19 22 25 29 30 31 1 2 3 4 5 6 13 14 40 92
7 8 9 10 11 12 19 22 25 29 30 31 1 2 3 4 5 6 13 14 40 93
7 8 9 10 11 12 19 22 25 29 30 31 1 2 3 4 5 6 13 14 40 94
7 8 9 10 11 12 19 22 25 29 30 31 1 2 3 4 5 6 13 14 40 96
7 8 9 10 11 12 19 22 25 29 30 31 1 2 3 4 5 6 13 14 40 97
7 8 9 10 11 12 19 22 25 29 30 31 1 2 3 4 5 6 13 14 40 98
7 8 9 10 11 12 19 22 25 29 30 31 1 2 3 4 5 6 13 14 40 99
7 8 9 10 11 12 19 22 25 29 30 31 1 2 3 4 5 6 13 14 40 100
7 8 9 10 11 12 19 22 25 29 30 31 1 2 3 4 5 6 13 14 46 47
7 8 9 10 11 12 19 22 25 29 30 31 1 2 3 4 5 6 13 14 46 48
7 8 9 10 11 12 19 22 25 29 30 31 1 2 3 4 5 6 13 14 46 49
7 8 9 10 11 12 19 22 25 29 30 31 1 2 3 4 5 6 13 14 46 53
7 8 9 10 11 12 19 22 25 29 30 31 1 2 3 4 5 6 13 14 46 55
7 8 9 10 11 12 19 22 25 29 30 31 1 2 3 4 5 6 13 14 46 56
7 8 9 10 11 12 19 22 25 29 30 31 1 2 3 4 5 6 13 14 46 60
7 8 9 10 11 12 19 22 25 29 30 31 1 2 3 4 5 6 13 14 46 61
7 8 9 10 11 12 19 22 25 29 30 31 1 2 3 4 5 6 13 14 46 63
7 8 9 10 11 12 19 22 25 29 30 31 1 2 3 4 5 6 13 14 46 64
7 8 9 10 11 12 19 22 25 29 30 31 1 2 3 4 5 6 13 14 46 65
7 8 9 10 11 12 19 22 25 29 30 31 1 2 3 4 5 6 13 14 46 66
7 8 9 10 11 12 19 22 25 29 30 31 1 2 3 4 5 6 13 14 46 67
7 8 9 10 11 12 19 22 25 29 30 31 1 2 3 4 5 6 13 14 46 68
7 8 9 10 11 12 19 22 25 29 30 31 1 2 3 4 5 6 13 14 46 69
7 8 9 10 11 12 19 22 25 29 30 31 1 2 3 4 5 6 13 14 46 71
7 8 9 10 11 12 19 22 25 29 30 31 1 2 3 4 5 6 13 14 46 72
7 8 9 10 11 12 19 22 25 29 30 31 1 2 3 4 5 6 13 14 46 74
7 8 9 10 11 12 19 22 25 29 30 31 1 2 3 4 5 6 13 14 46 77
7 8 9 10 11 12 19 22 25 29 30 31 1 2 3 4 5 6 13 14 46 78
7 8 9 10 11 12 19 22 25 29 30 31 1 2 3 4 5 6 13 14 46 79
7 8 9 10 11 12 19 22 25 29 30 31 1 2 3 4 5 6 13 14 46 80
7 8 9 10 11 12 19 22 25 29 30 31 1 2 3 4 5 6 13 14 46 82
7 8 9 10 11 12 19 22 25 29 30 31 1 2 3 4 5 6 13 14 46 83
7 8 9 10 11 12 19 22 25 29 30 31 1 2 3 4 5 6 13 14 46 85
7 8 9 10 11 12 19 22 25 29 30 31 1 2 3 4 5 6 13 14 46 86
7 8 9 10 11 12 19 22 25 29 30 31 1 2 3 4 5 6 13 14 46 87
7 8 9 10 11 12 19 22 25 29 30 31 1 2 3 4 5 6 13 14 46 89
7 8 9 10 11 12 19 22 25 29 30 31 1 2 3 4 5 6 13 14 46 90
7 8 9 10 11 12 19 22 25 29 30 31 1 2 3 4 5 6 13 14 46 91
7 8 9 10 11 12 19 22 25 29 30 31 1 2 3 4 5 6 13 14 46 92
7 8 9 10 11 12 19 22 25 29 30 31 1 2 3 4 5 6 13 14 46 93
7 8 9 10 11 12 19 22 25 29 30 31 1 2 3 4 5 6 13 14 46 94
7 8 9 10 11 12 19 22 25 29 30 31 1 2 3 4 5 6 13 14 46 96
7 8 9 10 11 12 19 22 25 29 30 31 1 2 3 4 5 6 13 14 46 97
7 8 9 10 11 12 19 22 25 29 30 31 1 2 3 4 5 6 13 14 46 98
7 8 9 10 11 12 19 22 25 29 30 31 1 2 3 4 5 6 13 14 46 99
7 8 9 10 11 12 19 22 25 29 30 31 1 2 3 4 5 6 13 14 46 100
7 8 9 10 11 12 19 22 25 29 30 31 1 2 3 4 5 6 13 14 47 48
7 8 9 10 11 12 19 22 25 29 30 31 1 2 3 4 5 6 13 14 47 49
7 8 9 10 11 12 19 22 25 29 30 31 1 2 3 4 5 6 13 14 47 53
7 8 9 10 11 12 19 22 25 29 30 31 1 2 3 4 5 6 13 14 47 55
7 8 9 10 11 12 19 22 25 29 30 31 1 2 3 4 5 6 13 14 47 56
7 8 9 10 11 12 19 22 25 29 30 31 1 2 3 4 5 6 13 14 47 60
7 8 9 10 11 12 19 22 25 29 30 31 1 2 3 4 5 6 13 14 47 61
7 8 9 10 11 12 19 22 25 29 30 31 1 2 3 4 5 6 13 14 47 63
7 8 9 10 11 12 19 22 25 29 30 31 1 2 3 4 5 6 13 14 47 64
7 8 9 10 11 12 19 22 25 29 30 31 1 2 3 4 5 6 13 14 47 65
7 8 9 10 11 12 19 22 25 29 30 31 1 2 3 4 5 6 13 14 47 66
7 8 9 10 11 12 19 22 25 29 30 31 1 2 3 4 5 6 13 14 47 67
7 8 9 10 11 12 19 22 25 29 30 31 1 2 3 4 5 6 13 14 47 68
7 8 9 10 11 12 19 22 25 29 30 31 1 2 3 4 5 6 13 14 47 69
7 8 9 10 11 12 19 22 25 29 30 31 1 2 3 4 5 6 13 14 47 71
7 8 9 10 11 12 19 22 25 29 30 31 1 2 3 4 5 6 13 14 47 72
7 8 9 10 11 12 19 22 25 29 30 31 1 2 3 4 5 6 13 14 47 74
7 8 9 10 11 12 19 22 25 29 30 31 1 2 3 4 5 6 13 14 47 77
7 8 9 10 11 12 19 22 25 29 30 31 1 2 3 4 5 6 13 14 47 78
7 8 9 10 11 12 19 22 25 29 30 31 1 2 3 4 5 6 13 14 47 79
7 8 9 10 11 12 19 22 25 29 30 31 1 2 3 4 5 6 13 14 47 80
7 8 9 10 11 12 19 22 25 29 30 31 1 2 3 4 5 6 13 14 47 82
7 8 9 10 11 12 19 22 25 29 30 31 1 2 3 4 5 6 13 14 47 83
7 8 9 10 11 12 19 22 25 29 30 31 1 2 3 4 5 6 13 14 47 85
7 8 9 10 11 12 19 22 25 29 30 31 1 2 3 4 5 6 13 14 47 86
7 8 9 10 11 12 19 22 25 29 30 31 1 2 3 4 5 6 13 14 47 87
7 8 9 10 11 12 19 22 25 29 30 31 1 2 3 4 5 6 13 14 47 89
7 8 9 10 11 12 19 22 25 29 30 31 1 2 3 4 5 6 13 14 47 90
7 8 9 10 11 12 19 22 25 29 30 31 1 2 3 4 5 6 13 14 47 91
7 8 9 10 11 12 19 22 25 29 30 31 1 2 3 4 5 6 13 14 47 92
7 8 9 10 11 12 19 22 25 29 30 31 1 2 3 4 5 6 13 14 47 93
7 8 9 10 11 12 19 22 25 29 30 31 1 2 3 4 5 6 13 14 47 94
7 8 9 10 11 12 19 22 25 29 30 31 1 2 3 4 5 6 13 14 47 96
7 8 9 10 11 12 19 22 25 29 30 31 1 2 3 4 5 6 13 14 47 97
7 8 9 10 11 12 19 22 25 29 30 31 1 2 3 4 5 6 13 14 47 98
7 8 9 10 11 12 19 22 25 29 30 31 1 2 3 4 5 6 13 14 47 99
7 8 9 10 11 12 19 22 25 29 30 31 1 2 3 4 5 6 13 14 47 100
7 8 9 10 11 12 19 22 25 29 30 31 1 2 3 4 5 6 13 14 48 49
7 8 9 10 11 12 19 22 25 29 30 31 1 2 3 4 5 6 13 14 48 53
7 8 9 10 11 12 19 22 25 29 30 31 1 2 3 4 5 6 13 14 48 55
7 8 9 10 11 12 19 22 25 29 30 31 1 2 3 4 5 6 13 14 48 56
7 8 9 10 11 12 19 22 25 29 30 31 1 2 3 4 5 6 13 14 48 60
7 8 9 10 11 12 19 22 25 29 30 31 1 2 3 4 5 6 13 14 48 61
7 8 9 10 11 12 19 22 25 29 30 31 1 2 3 4 5 6 13 14 48 63
7 8 9 10 11 12 19 22 25 29 30 31 1 2 3 4 5 6 13 14 48 64
7 8 9 10 11 12 19 22 25 29 30 31 1 2 3 4 5 6 13 14 48 65
7 8 9 10 11 12 19 22 25 29 30 31 1 2 3 4 5 6 13 14 48 66
7 8 9 10 11 12 19 22 25 29 30 31 1 2 3 4 5 6 13 14 48 67
7 8 9 10 11 12 19 22 25 29 30 31 1 2 3 4 5 6 13 14 48 68
7 8 9 10 11 12 19 22 25 29 30 31 1 2 3 4 5 6 13 14 48 69
7 8 9 10 11 12 19 22 25 29 30 31 1 2 3 4 5 6 13 14 48 71
7 8 9 10 11 12 19 22 25 29 30 31 1 2 3 4 5 6 13 14 48 72
7 8 9 10 11 12 19 22 25 29 30 31 1 2 3 4 5 6 13 14 48 74
7 8 9 10 11 12 19 22 25 29 30 31 1 2 3 4 5 6 13 14 48 77
7 8 9 10 11 12 19 22 25 29 30 31 1 2 3 4 5 6 13 14 48 78
7 8 9 10 11 12 19 22 25 29 30 31 1 2 3 4 5 6 13 14 48 79
7 8 9 10 11 12 19 22 25 29 30 31 1 2 3 4 5 6 13 14 48 80
7 8 9 10 11 12 19 22 25 29 30 31 1 2 3 4 5 6 13 14 48 82
7 8 9 10 11 12 19 22 25 29 30 31 1 2 3 4 5 6 13 14 48 83
7 8 9 10 11 12 19 22 25 29 30 31 1 2 3 4 5 6 13 14 48 85
7 8 9 10 11 12 19 22 25 29 30 31 1 2 3 4 5 6 13 14 48 86
7 8 9 10 11 12 19 22 25 29 30 31 1 2 3 4 5 6 13 14 48 87
7 8 9 10 11 12 19 22 25 29 30 31 1 2 3 4 5 6 13 14 48 89
7 8 9 10 11 12 19 22 25 29 30 31 1 2 3 4 5 6 13 14 48 90
7 8 9 10 11 12 19 22 25 29 30 31 1 2 3 4 5 6 13 14 48 91
7 8 9 10 11 12 19 22 25 29 30 31 1 2 3 4 5 6 13 14 48 92
7 8 9 10 11 12 19 22 25 29 30 31 1 2 3 4 5 6 13 14 48 93
7 8 9 10 11 12 19 22 25 29 30 31 1 2 3 4 5 6 13 14 48 94
7 8 9 10 11 12 19 22 25 29 30 31 1 2 3 4 5 6 13 14 48 96
7 8 9 10 11 12 19 22 25 29 30 31 1 2 3 4 5 6 13 14 48 97
7 8 9 10 11 12 19 22 25 29 30 31 1 2 3 4 5 6 13 14 48 98
7 8 9 10 11 12 19 22 25 29 30 31 1 2 3 4 5 6 13 14 48 99
7 8 9 10 11 12 19 22 25 29 30 31 1 2 3 4 5 6 13 14 48 100
7 8 9 10 11 12 19 22 25 29 30 31 1 2 3 4 5 6 13 14 49 53
7 8 9 10 11 12 19 22 25 29 30 31 1 2 3 4 5 6 13 14 49 55
7 8 9 10 11 12 19 22 25 29 30 31 1 2 3 4 5 6 13 14 49 56
7 8 9 10 11 12 19 22 25 29 30 31 1 2 3 4 5 6 13 14 49 60
7 8 9 10 11 12 19 22 25 29 30 31 1 2 3 4 5 6 13 14 49 61
7 8 9 10 11 12 19 22 25 29 30 31 1 2 3 4 5 6 13 14 49 63
7 8 9 10 11 12 19 22 25 29 30 31 1 2 3 4 5 6 13 14 49 64
7 8 9 10 11 12 19 22 25 29 30 31 1 2 3 4 5 6 13 14 49 65
7 8 9 10 11 12 19 22 25 29 30 31 1 2 3 4 5 6 13 14 49 66
7 8 9 10 11 12 19 22 25 29 30 31 1 2 3 4 5 6 13 14 49 67
7 8 9 10 11 12 19 22 25 29 30 31 1 2 3 4 5 6 13 14 49 68
7 8 9 10 11 12 19 22 25 29 30 31 1 2 3 4 5 6 13 14 49 69
7 8 9 10 11 12 19 22 25 29 30 31 1 2 3 4 5 6 13 14 49 71
7 8 9 10 11 12 19 22 25 29 30 31 1 2 3 4 5 6 13 14 49 72
7 8 9 10 11 12 19 22 25 29 30 31 1 2 3 4 5 6 13 14 49 74
7 8 9 10 11 12 19 22 25 29 30 31 1 2 3 4 5 6 13 14 49 77
7 8 9 10 11 12 19 22 25 29 30 31 1 2 3 4 5 6 13 14 49 78
7 8 9 10 11 12 19 22 25 29 30 31 1 2 3 4 5 6 13 14 49 79
7 8 9 10 11 12 19 22 25 29 30 31 1 2 3 4 5 6 13 14 49 80
7 8 9 10 11 12 19 22 25 29 30 31 1 2 3 4 5 6 13 14 49 82
7 8 9 10 11 12 19 22 25 29 30 31 1 2 3 4 5 6 13 14 49 83
7 8 9 10 11 12 19 22 25 29 30 31 1 2 3 4 5 6 13 14 49 85
7 8 9 10 11 12 19 22 25 29 30 31 1 2 3 4 5 6 13 14 49 86
7 8 9 10 11 12 19 22 25 29 30 31 1 2 3 4 5 6 13 14 49 87
7 8 9 10 11 12 19 22 25 29 30 31 1 2 3 4 5 6 13 14 49 89
7 8 9 10 11 12 19 22 25 29 30 31 1 2 3 4 5 6 13 14 49 90
7 8 9 10 11 12 19 22 25 29 30 31 1 2 3 4 5 6 13 14 49 91
7 8 9 10 11 12 19 22 25 29 30 31 1 2 3 4 5 6 13 14 49 92
7 8 9 10 11 12 19 22 25 29 30 31 1 2 3 4 5 6 13 14 49 93
7 8 9 10 11 12 19 22 25 29 30 31 1 2 3 4 5 6 13 14 49 94
7 8 9 10 11 12 19 22 25 29 30 31 1 2 3 4 5 6 13 14 49 96
7 8 9 10 11 12 19 22 25 29 30 31 1 2 3 4 5 6 13 14 49 97
7 8 9 10 11 12 19 22 25 29 30 31 1 2 3 4 5 6 13 14 49 98
7 8 9 10 11 12 19 22 25 29 30 31 1 2 3 4 5 6 13 14 49 99
7 8 9 10 11 12 19 22 25 29 30 31 1 2 3 4 5 6 13 14 49 100
7 8 9 10 11 12 19 22 25 29 30 31 1 2 3 4 5 6 13 14 53 55
7 8 9 10 11 12 19 22 25 29 30 31 1 2 3 4 5 6 13 14 53 56
7 8 9 10 11 12 19 22 25 29 30 31 1 2 3 4 5 6 13 14 53 60
7 8 9 10 11 12 19 22 25 29 30 31 1 2 3 4 5 6 13 14 53 61
7 8 9 10 11 12 19 22 25 29 30 31 1 2 3 4 5 6 13 14 53 63
7 8 9 10 11 12 19 22 25 29 30 31 1 2 3 4 5 6 13 14 53 64
7 8 9 10 11 12 19 22 25 29 30 31 1 2 3 4 5 6 13 14 53 65
7 8 9 10 11 12 19 22 25 29 30 31 1 2 3 4 5 6 13 14 53 66
7 8 9 10 11 12 19 22 25 29 30 31 1 2 3 4 5 6 13 14 53 67
7 8 9 10 11 12 19 22 25 29 30 31 1 2 3 4 5 6 13 14 53 68
7 8 9 10 11 12 19 22 25 29 30 31 1 2 3 4 5 6 13 14 53 69
7 8 9 10 11 12 19 22 25 29 30 31 1 2 3 4 5 6 13 14 53 71
7 8 9 10 11 12 19 22 25 29 30 31 1 2 3 4 5 6 13 14 53 72
7 8 9 10 11 12 19 22 25 29 30 31 1 2 3 4 5 6 13 14 53 74
7 8 9 10 11 12 19 22 25 29 30 31 1 2 3 4 5 6 13 14 53 77
7 8 9 10 11 12 19 22 25 29 30 31 1 2 3 4 5 6 13 14 53 78
7 8 9 10 11 12 19 22 25 29 30 31 1 2 3 4 5 6 13 14 53 79
7 8 9 10 11 12 19 22 25 29 30 31 1 2 3 4 5 6 13 14 53 80
7 8 9 10 11 12 19 22 25 29 30 31 1 2 3 4 5 6 13 14 53 82
7 8 9 10 11 12 19 22 25 29 30 31 1 2 3 4 5 6 13 14 53 83
7 8 9 10 11 12 19 22 25 29 30 31 1 2 3 4 5 6 13 14 53 85
7 8 9 10 11 12 19 22 25 29 30 31 1 2 3 4 5 6 13 14 53 86
7 8 9 10 11 12 19 22 25 29 30 31 1 2 3 4 5 6 13 14 53 87
7 8 9 10 11 12 19 22 25 29 30 31 1 2 3 4 5 6 13 14 53 89
7 8 9 10 11 12 19 22 25 29 30 31 1 2 3 4 5 6 13 14 53 90
7 8 9 10 11 12 19 22 25 29 30 31 1 2 3 4 5 6 13 14 53 91
7 8 9 10 11 12 19 22 25 29 30 31 1 2 3 4 5 6 13 14 53 92
7 8 9 10 11 12 19 22 25 29 30 31 1 2 3 4 5 6 13 14 53 93
7 8 9 10 11 12 19 22 25 29 30 31 1 2 3 4 5 6 13 14 53 94
7 8 9 10 11 12 19 22 25 29 30 31 1 2 3 4 5 6 13 14 53 96
7 8 9 10 11 12 19 22 25 29 30 31 1 2 3 4 5 6 13 14 53 97
7 8 9 10 11 12 19 22 25 29 30 31 1 2 3 4 5 6 13 14 53 98
7 8 9 10 11 12 19 22 25 29 30 31 1 2 3 4 5 6 13 14 53 99
7 8 9 10 11 12 19 22 25 29 30 31 1 2 3 4 5 6 13 14 53 100
7 8 9 10 11 12 19 22 25 29 30 31 1 2 3 4 5 6 13 14 55 56
7 8 9 10 11 12 19 22 25 29 30 31 1 2 3 4 5 6 13 14 55 60
7 8 9 10 11 12 19 22 25 29 30 31 1 2 3 4 5 6 13 14 55 61
7 8 9 10 11 12 19 22 25 29 30 31 1 2 3 4 5 6 13 14 55 63
7 8 9 10 11 12 19 22 25 29 30 31 1 2 3 4 5 6 13 14 55 64
7 8 9 10 11 12 19 22 25 29 30 31 1 2 3 4 5 6 13 14 55 65
7 8 9 10 11 12 19 22 25 29 30 31 1 2 3 4 5 6 13 14 55 66
7 8 9 10 11 12 19 22 25 29 30 31 1 2 3 4 5 6 13 14 55 67
7 8 9 10 11 12 19 22 25 29 30 31 1 2 3 4 5 6 13 14 55 68
7 8 9 10 11 12 19 22 25 29 30 31 1 2 3 4 5 6 13 14 55 69
7 8 9 10 11 12 19 22 25 29 30 31 1 2 3 4 5 6 13 14 55 71
7 8 9 10 11 12 19 22 25 29 30 31 1 2 3 4 5 6 13 14 55 72
7 8 9 10 11 12 19 22 25 29 30 31 1 2 3 4 5 6 13 14 55 74
7 8 9 10 11 12 19 22 25 29 30 31 1 2 3 4 5 6 13 14 55 77
7 8 9 10 11 12 19 22 25 29 30 31 1 2 3 4 5 6 13 14 55 78
7 8 9 10 11 12 19 22 25 29 30 31 1 2 3 4 5 6 13 14 55 79
7 8 9 10 11 12 19 22 25 29 30 31 1 2 3 4 5 6 13 14 55 80
7 8 9 10 11 12 19 22 25 29 30 31 1 2 3 4 5 6 13 14 55 82
7 8 9 10 11 12 19 22 25 29 30 31 1 2 3 4 5 6 13 14 55 83
7 8 9 10 11 12 19 22 25 29 30 31 1 2 3 4 5 6 13 14 55 85
7 8 9 10 11 12 19 22 25 29 30 31 1 2 3 4 5 6 13 14 55 86
7 8 9 10 11 12 19 22 25 29 30 31 1 2 3 4 5 6 13 14 55 87
7 8 9 10 11 12 19 22 25 29 30 31 1 2 3 4 5 6 13 14 55 89
7 8 9 10 11 12 19 22 25 29 30 31 1 2 3 4 5 6 13 14 55 90
7 8 9 10 11 12 19 22 25 29 30 31 1 2 3 4 5 6 13 14 55 91
7 8 9 10 11 12 19 22 25 29 30 31 1 2 3 4 5 6 13 14 55 92
7 8 9 10 11 12 19 22 25 29 30 31 1 2 3 4 5 6 13 14 55 93
7 8 9 10 11 12 19 22 25 29 30 31 1 2 3 4 5 6 13 14 55 94
7 8 9 10 11 12 19 22 25 29 30 31 1 2 3 4 5 6 13 14 55 96
7 8 9 10 11 12 19 22 25 29 30 31 1 2 3 4 5 6 13 14 55 97
7 8 9 10 11 12 19 22 25 29 30 31 1 2 3 4 5 6 13 14 55 98
7 8 9 10 11 12 19 22 25 29 30 31 1 2 3 4 5 6 13 14 55 99
7 8 9 10 11 12 19 22 25 29 30 31 1 2 3 4 5 6 13 14 55 100
7 8 9 10 11 12 19 22 25 29 30 31 1 2 3 4 5 6 13 14 56 60
7 8 9 10 11 12 19 22 25 29 30 31 1 2 3 4 5 6 13 14 56 61
7 8 9 10 11 12 19 22 25 29 30 31 1 2 3 4 5 6 13 14 56 63
7 8 9 10 11 12 19 22 25 29 30 31 1 2 3 4 5 6 13 14 56 64
7 8 9 10 11 12 19 22 25 29 30 31 1 2 3 4 5 6 13 14 56 65
7 8 9 10 11 12 19 22 25 29 30 31 1 2 3 4 5 6 13 14 56 66
7 8 9 10 11 12 19 22 25 29 30 31 1 2 3 4 5 6 13 14 56 67
7 8 9 10 11 12 19 22 25 29 30 31 1 2 3 4 5 6 13 14 56 68
7 8 9 10 11 12 19 22 25 29 30 31 1 2 3 4 5 6 13 14 56 69
7 8 9 10 11 12 19 22 25 29 30 31 1 2 3 4 5 6 13 14 56 71
7 8 9 10 11 12 19 22 25 29 30 31 1 2 3 4 5 6 13 14 56 72
7 8 9 10 11 12 19 22 25 29 30 31 1 2 3 4 5 6 13 14 56 74
7 8 9 10 11 12 19 22 25 29 30 31 1 2 3 4 5 6 13 14 56 77
7 8 9 10 11 12 19 22 25 29 30 31 1 2 3 4 5 6 13 14 56 78
7 8 9 10 11 12 19 22 25 29 30 31 1 2 3 4 5 6 13 14 56 79
7 8 9 10 11 12 19 22 25 29 30 31 1 2 3 4 5 6 13 14 56 80
7 8 9 10 11 12 19 22 25 29 30 31 1 2 3 4 5 6 13 14 56 82
7 8 9 10 11 12 19 22 25 29 30 31 1 2 3 4 5 6 13 14 56 83
7 8 9 10 11 12 19 22 25 29 30 31 1 2 3 4 5 6 13 14 56 85
7 8 9 10 11 12 19 22 25 29 30 31 1 2 3 4 5 6 13 14 56 86
7 8 9 10 11 12 19 22 25 29 30 31 1 2 3 4 5 6 13 14 56 87
7 8 9 10 11 12 19 22 25 29 30 31 1 2 3 4 5 6 13 14 56 89
7 8 9 10 11 12 19 22 25 29 30 31 1 2 3 4 5 6 13 14 56 90
7 8 9 10 11 12 19 22 25 29 30 31 1 2 3 4 5 6 13 14 56 91
7 8 9 10 11 12 19 22 25 29 30 31 1 2 3 4 5 6 13 14 56 92
7 8 9 10 11 12 19 22 25 29 30 31 1 2 3 4 5 6 13 14 56 93
7 8 9 10 11 12 19 22 25 29 30 31 1 2 3 4 5 6 13 14 56 94
7 8 9 10 11 12 19 22 25 29 30 31 1 2 3 4 5 6 13 14 56 96
7 8 9 10 11 12 19 22 25 29 30 31 1 2 3 4 5 6 13 14 56 97
7 8 9 10 11 12 19 22 25 29 30 31 1 2 3 4 5 6 13 14 56 98
7 8 9 10 11 12 19 22 25 29 30 31 1 2 3 4 5 6 13 14 56 99
7 8 9 10 11 12 19 22 25 29 30 31 1 2 3 4 5 6 13 14 56 100
7 8 9 10 11 12 19 22 25 29 30 31 1 2 3 4 5 6 13 14 60 61
7 8 9 10 11 12 19 22 25 29 30 31 1 2 3 4 5 6 13 14 60 63
7 8 9 10 11 12 19 22 25 29 30 31 1 2 3 4 5 6 13 14 60 64
7 8 9 10 11 12 19 22 25 29 30 31 1 2 3 4 5 6 13 14 60 65
7 8 9 10 11 12 19 22 25 29 30 31 1 2 3 4 5 6 13 14 60 66
7 8 9 10 11 12 19 22 25 29 30 31 1 2 3 4 5 6 13 14 60 67
7 8 9 10 11 12 19 22 25 29 30 31 1 2 3 4 5 6 13 14 60 68
7 8 9 10 11 12 19 22 25 29 30 31 1 2 3 4 5 6 13 14 60 69
7 8 9 10 11 12 19 22 25 29 30 31 1 2 3 4 5 6 13 14 60 71
7 8 9 10 11 12 19 22 25 29 30 31 1 2 3 4 5 6 13 14 60 72
7 8 9 10 11 12 19 22 25 29 30 31 1 2 3 4 5 6 13 14 60 74
